results
----------------0.5-0.5----------------
----------------0.5-0.5----------------
----------------Noise-0.15-evaluate----------------
46.016335916447325 43.14560408828768 41.97588494677308 14.387140563399248 12.755864622989034 11.620057231348714 45.25384860823063 30.24328381524588 28.1324583083146 35.2191083626924 28.71491750884087 27.24280016214546 30.392275344559582
----------------Noise-0.15-evaluate----------------
86.54573018028829 75.65388879899248 72.45792504917101 50.89792442399656 44.360226433480484 39.59845582619223 79.48723863359388 61.77420929160136 57.731541679454764 72.31029774595957 60.59610817469144 56.59597418493934 63.16746003519678
86.54573018028829 75.65388879899248 72.45792504917101 50.89792442399656 44.360226433480484 39.59845582619223 79.48723863359388 61.77420929160136 57.731541679454764 72.31029774595957 60.59610817469144 56.59597418493934 63.16746003519678
86.54573018028829 75.65388879899248 72.45792504917101 50.89792442399656 44.360226433480484 39.59845582619223 79.48723863359388 61.77420929160136 57.731541679454764 72.31029774595957 60.59610817469144 56.59597418493934 63.16746003519678
86.54573018028829 75.65388879899248 72.45792504917101 50.89792442399656 44.360226433480484 39.59845582619223 79.48723863359388 61.77420929160136 57.731541679454764 72.31029774595957 60.59610817469144 56.59597418493934 63.16746003519678
86.54573018028829 75.65388879899248 72.45792504917101 50.89792442399656 44.360226433480484 39.59845582619223 79.48723863359388 61.77420929160136 57.731541679454764 72.31029774595957 60.59610817469144 56.59597418493934 63.16746003519678
82.80460391707987 71.18152867999656 67.87483334674114 36.32473532237374 32.032307410985915 28.430136470876498 76.82064797721394 56.819932347846844 52.96007093801614 65.31666240555585 53.34458947960977 49.75501358521126 56.1387551567923
44.65424600568845 45.319724421142496 44.81548182047237 28.69417738818834 26.19913006253797 23.92657231569496 63.111087651957085 47.03409629354516 43.42611942051543 45.48650368194462 39.51765025907521 37.38939118556092 40.79784837552691
76.08779078770111 62.31819708009259 57.37116875903324 39.33510620874228 33.69595566123228 29.315138043705147 71.03943841020178 50.08144868122149 46.63358913192292 62.15411180221506 48.698533807515446 44.43996531155377 51.7642036404281
79.60083602867138 66.35410906508999 63.714370309878156 35.023598824163656 29.318475998459505 27.125794322465218 60.08052064346664 43.828605826271854 41.07081225823054 58.2349851654339 46.50039696327378 43.970325630191304 49.56856925296633
80.35873241118219 65.88357943046141 61.97976532665097 49.41450249757576 42.66213954276068 38.548417058372564 76.77884624705081 56.497097030497855 52.59443938082995 68.85069371860293 55.01427200123998 51.04087392195117 58.301946547264684
1.5296366933828225 1.6126029694526427 1.676741191251603 4.772400106567141 3.571957346239263 3.077062475058429 26.704006985605876 16.62113689419634 15.919353353823274 11.00201459518528 7.268565736629415 6.8910523400444355 8.38721089061971
33.686295982948124 29.60569168676309 26.93006670965828 4.022491701088904 4.014713561193011 4.100337056907541 37.0637453086036 26.14818659489349 24.62723905332705 24.924177664213545 19.92286394761653 18.552547606630956 21.13319640615368
