results
----------------0.2-0.2----------------
----------------0.2-0.2----------------
----------------Noise-0.15-evaluate----------------
72.0799556444086 61.88050948546111 58.065560704198546 25.769422070230153 20.839917918842403 18.774871057886383 57.63891346795707 41.81849541510787 39.336158356192996 51.8294303941986 41.512974273137125 38.725530039425976 44.02264490225391
----------------Noise-0.15-evaluate----------------
88.01777769798876 75.45495607473379 71.06975794062349 47.333489886731996 40.68007706320179 36.35750559302871 80.0882156089244 59.069338606058366 55.54150821660529 71.81316106454838 58.401457247997975 54.322923916752494 61.51251407643296
88.01777769798876 75.45495607473379 71.06975794062349 47.333489886731996 40.68007706320179 36.35750559302871 80.0882156089244 59.069338606058366 55.54150821660529 71.81316106454838 58.401457247997975 54.322923916752494 61.51251407643296
88.01777769798876 75.45495607473379 71.06975794062349 47.333489886731996 40.68007706320179 36.35750559302871 80.0882156089244 59.069338606058366 55.54150821660529 71.81316106454838 58.401457247997975 54.322923916752494 61.51251407643296
88.01777769798876 75.45495607473379 71.06975794062349 47.333489886731996 40.68007706320179 36.35750559302871 80.0882156089244 59.069338606058366 55.54150821660529 71.81316106454838 58.401457247997975 54.322923916752494 61.51251407643296
88.01777769798876 75.45495607473379 71.06975794062349 47.333489886731996 40.68007706320179 36.35750559302871 80.0882156089244 59.069338606058366 55.54150821660529 71.81316106454838 58.401457247997975 54.322923916752494 61.51251407643296
82.35130722968546 70.84118909457605 66.95953247231205 19.135656835987138 16.488037436555953 14.366017066696893 72.06139177168433 54.85045322463225 51.49393081003105 57.84945194578564 47.39322658525475 44.273160116346666 49.83861288246234
83.69870186334143 69.76258896589454 66.56839604490672 40.886072832858176 34.76671349389402 31.085137140357926 57.18443273224264 39.41280839993203 36.92040607515171 60.58973580948075 47.980703619906855 44.857979753472115 51.14280639428657
85.77421568159117 73.43835118629781 70.5413143977829 42.50619401875889 36.07457831827886 31.700177955951425 69.33935417688166 52.38843268400753 49.448532622040524 65.87325462574391 53.96712072952807 50.56334165859161 56.80123900462119
86.12401579477115 74.76191947808164 71.82492363666431 45.2338479411942 39.19358187764706 35.12825815737022 74.43235774874363 53.79099739941775 50.69782766474569 68.59674049490299 55.91549958504881 52.55033648626007 59.02085885540396
87.07466347529571 73.64422319276976 70.83026340078915 29.341072012089146 24.246384385785998 20.87608695353386 78.63210242941882 57.71406351508427 54.00051434151338 65.01594597226789 51.86822369788001 48.56895489861213 55.15104152292
73.1592727560064 62.63288648767158 58.54241862268233 41.114443527304815 35.008366923661875 30.93078927566405 59.97348603841354 38.5410000293703 36.1547376968142 58.082400773908255 45.39408448023459 41.875981865053525 48.45082237306545
67.94987981361648 56.1049649013239 52.153608104430305 10.121397465096688 8.331460694893597 6.949253954060438 60.505771749510295 47.003111259385086 43.7575068563106 46.192349676074485 37.14651228520086 34.286789638267116 39.208550533180826
78.7831790498496 65.81303168391874 62.91959586142888 29.76138284368973 24.726264435409337 21.425345981255326 64.50932522341714 41.32778015916483 38.78407110898795 57.684629038985484 43.955692092830965 41.04300431722405 47.5611084830135
79.89191033942328 68.3445508157565 63.565302938712264 38.33548179579471 33.76608409108465 30.451243843101523 68.6495667701606 46.24438913479968 43.530886119834086 62.292319635126205 49.451674680546944 45.84914430054929 52.53104620540748
77.67995800978238 67.20803696760709 63.71159133731628 39.429260457225446 33.646003446006574 30.901010805641597 75.58243630032707 50.57157602559251 47.31956576792896 64.23055158911164 50.47520547973539 47.31072263696228 54.00549323526977
49.89453412481427 45.06772907907778 43.76847993580403 30.84973266299838 25.615922586352426 23.21044188966843 58.56571168498558 39.48602018940349 36.77912786310308 46.43665949093275 36.72322395161123 34.58601656285851 39.24863333513417
59.07283168086084 44.56203160341683 41.19226632031214 25.719130180629023 22.248134858553378 19.494872594579114 56.757022943475086 37.37903664218794 35.06713624655986 47.18299493498831 34.72973436805271 31.918091720483705 37.94360700784158
