results
----------------0.2-0.2----------------
----------------0.2-0.2----------------
----------------0.2-0.2----------------
----------------0.2-0.2----------------
----------------Noise-0.15-evaluate----------------
----------------Noise-0.15-evaluate----------------
----------------Noise-0.15-evaluate----------------
5.5521415934340865 6.2062814219404085 7.393975335009907 10.974404575162328 10.704729913091116 10.107263725606355 44.71293491366238 34.347695516382295 32.44099497550203 20.41316036075293 17.08623561713794 16.647411345372763 18.04893577442121
----------------Noise-0.15-evaluate----------------
87.4999701227144 78.11838918504152 75.21741877317511 54.86952081434827 49.87622910522794 45.45851668933318 80.99741406441515 62.333500486626534 58.43575463326679 74.4556350004926 63.44270625896534 59.7038966985917 65.8674126526832
87.4999701227144 78.11838918504152 75.21741877317511 54.86952081434827 49.87622910522794 45.45851668933318 80.99741406441515 62.333500486626534 58.43575463326679 74.4556350004926 63.44270625896534 59.7038966985917 65.8674126526832
87.4999701227144 78.11838918504152 75.21741877317511 54.86952081434827 49.87622910522794 45.45851668933318 80.99741406441515 62.333500486626534 58.43575463326679 74.4556350004926 63.44270625896534 59.7038966985917 65.8674126526832
87.4999701227144 78.11838918504152 75.21741877317511 54.86952081434827 49.87622910522794 45.45851668933318 80.99741406441515 62.333500486626534 58.43575463326679 74.4556350004926 63.44270625896534 59.7038966985917 65.8674126526832
87.4999701227144 78.11838918504152 75.21741877317511 54.86952081434827 49.87622910522794 45.45851668933318 80.99741406441515 62.333500486626534 58.43575463326679 74.4556350004926 63.44270625896534 59.7038966985917 65.8674126526832
78.83136536894064 68.17173916954211 64.29646737080277 45.38788874150189 40.465961166042916 36.92406310977573 68.57521218667574 51.278794125223136 47.97988480421968 64.26482209903942 53.30549815360272 49.73347176159939 55.76793067141384
67.4392879935633 60.028425049795445 58.000826945874884 44.25388809889575 39.6270177601291 35.61843880019536 68.58199104703343 49.56536704494734 46.177276903209666 60.09172237983083 49.740269951623965 46.59884754975997 52.14361329373825
80.34486575155852 64.88791359466737 61.72064207606572 45.23284429578996 41.823301227191905 38.13878323117329 72.93424848275811 52.48894417673091 49.25555487306557 66.17065284336887 53.066719666196725 49.704993393434854 56.31412196766682
64.2117627698986 53.8808342830037 50.29392908152535 53.05835170238339 47.72585108806539 43.210050041362955 68.76658828052653 50.65373818852692 47.29293913554386 62.01223425093618 50.753474519865335 46.93230608614405 53.232671618981854
61.96325601111863 47.768445306493525 43.45769971114484 29.43342077023066 25.878829660328318 22.818611657928674 62.50697107893027 44.98573531306057 42.19710078632987 51.30121595342652 39.54433675996081 36.15780405180113 42.33445225506282
18.192680069343353 15.621220398844155 15.508892428600493 0.00041936457879021707 0.0004369865408145429 0.0006554225290570653 23.279454333636124 16.044543772018248 15.452730366885142 13.824184589186089 10.555400385801072 10.320759406004898 11.566781460330686
0.009497527058992188 0.0048915904373131504 0.014014612094059447 2.167381483932224 1.9838556419605802 1.8423569969321243 4.444994264663625 2.8183968707027405 2.6625679563003635 2.207291091884947 1.6023813677002112 1.5063131884421823 1.7719952160091137
3.583418271854079 2.897179732479356 2.503937983101834 27.538147357162412 25.41278367742448 23.17724284142207 10.333400925635312 7.435216457162537 7.042146469448397 13.818322184883934 11.91505995568879 10.907775764657435 12.213719301743389
43.508986625654835 36.22531017921528 33.58347239967366 4.678456912274546 4.444510494347578 4.198999170907873 19.38897353066175 13.58867035177513 13.13847094995435 22.525472356197042 18.08616367511266 16.973647506845296 19.195094512718338
0.19425681963819644 0.11261101365548153 0.2188841539130514 12.898464721476694 10.850301391023146 10.106117381733448 6.156951245741032 2.8527168420218594 2.666017824365094 6.416557595618642 4.605209748900163 4.330339786670531 5.117369043729777
0.11305913825291428 0.14692782914221256 0.19180966454262252 0.02859866539561487 0.027375831052014077 0.03508771929824562 0.0 0.0 0.0 0.04721926788284305 0.058101220064742214 0.07563246128028937 0.06031764974262488
0.0020352781546811396 0.0005505675080467559 0.000164667330824901 0.002239525909592062 0.0010294696888315967 0.0012978875760830649 0.03383897247054628 0.012968075685263994 0.013713100997014829 0.01270459217827316 0.0048493709607141154 0.005058551967974265 0.007537505035653847
0.018962564228040126 0.0254783693843594 0.026507276507276512 0.10677281397210196 0.09599035638613092 0.09411460911658522 0.007634428337816426 0.007661663243990538 0.00820024328590126 0.044456602179319495 0.04304346300482695 0.042940709636587665 0.043480258273578036
4.847791540277744 3.655744685047034 4.044471880018748 1.3856087998820894 1.259390982526693 1.3259651960694712 3.0083859832485578 1.172498730631737 0.9823694119719281 3.0805954411361305 2.0292114660684883 2.117602162686716 2.409136356630445
0.0 0.00299078837181481 0.00299078837181481 0.0 0.0 0.0 0.0 0.0 0.0 0.0 0.0009969294572716033 0.0009969294572716033 0.0006646196381810689
0.0 0.0 3.7315660636455904e-05 0.0 0.0 0.0 0.0 0.0 0.0 0.0 0.0 1.2438553545485301e-05 4.146184515161767e-06
0.0 0.0 0.0 0.0 0.0 0.0 0.0 0.0 0.0 0.0 0.0 0.0 0.0
0.0 0.0 0.0 0.0004423604352826684 0.000313361744798195 0.000313361744798195 0.0 0.0 0.0 0.00014745347842755614 0.00010445391493273168 0.00010445391493273168 0.00011878710276433983
0.0 0.0 0.0 0.0 0.0 0.0 0.0 0.0 0.0 0.0 0.0 0.0 0.0
0.0 0.0 0.0 0.0 0.007352941176470587 0.004598405885959534 0.0 0.0 0.0 0.0 0.0024509803921568623 0.0015328019619865114 0.0013279274513811245
0.0 0.0 0.0 0.0 0.0 0.0 0.0 0.0 0.0 0.0 0.0 0.0 0.0
0.0 0.0 0.0 0.0 0.0 0.0 0.0 0.0 0.0 0.0 0.0 0.0 0.0
0.0 0.0 0.0 0.0 0.0 0.0 0.0 0.0 0.0 0.0 0.0 0.0 0.0
0.0 0.0 0.0 0.0 0.0 0.0 0.0 0.0 0.0 0.0 0.0 0.0 0.0
0.0 0.0 0.0 0.0 0.0 0.0 0.0 0.0 0.0 0.0 0.0 0.0 0.0
----------------0.45-0.63----------------
----------------0.45-0.63----------------
----------------0.45-0.63----------------
----------------0.45-0.63----------------
----------------Noise-0.15-evaluate----------------
----------------Noise-0.15-evaluate----------------
----------------Noise-0.15-evaluate----------------
68.44242393341716 56.72893816330674 55.08609092259677 38.869878457946015 33.682923962011515 30.73874041143251 69.4246113876375 51.20834197394986 47.585698105744854 58.91230459300022 47.20673469975603 44.47017647992471 50.19640525756032
----------------Noise-0.15-evaluate----------------
87.62245545776865 78.24667066500058 75.41752968029691 54.83215711057837 49.303867640948575 44.40327310902073 80.4558034504956 63.03941284066483 58.83254526104948 74.30347200628087 63.52998371553799 59.551116016789045 65.79485724620264
87.62245545776865 78.24667066500058 75.41752968029691 54.83215711057837 49.303867640948575 44.40327310902073 80.4558034504956 63.03941284066483 58.83254526104948 74.30347200628087 63.52998371553799 59.551116016789045 65.79485724620264
87.62245545776865 78.24667066500058 75.41752968029691 54.83215711057837 49.303867640948575 44.40327310902073 80.4558034504956 63.03941284066483 58.83254526104948 74.30347200628087 63.52998371553799 59.551116016789045 65.79485724620264
87.62245545776865 78.24667066500058 75.41752968029691 54.83215711057837 49.303867640948575 44.40327310902073 80.4558034504956 63.03941284066483 58.83254526104948 74.30347200628087 63.52998371553799 59.551116016789045 65.79485724620264
87.62245545776865 78.24667066500058 75.41752968029691 54.83215711057837 49.303867640948575 44.40327310902073 80.4558034504956 63.03941284066483 58.83254526104948 74.30347200628087 63.52998371553799 59.551116016789045 65.79485724620264
71.85578555549044 58.502105946349026 54.78880506179811 45.92279452918168 41.01553403805004 36.7043703130248 62.36123989838449 45.146043764967594 42.29154900751147 60.04660666101887 48.221227916455554 44.594908127444796 50.95424756830641
65.01082914394672 58.98046751669439 57.170990777861896 45.3149586439584 39.78194993843349 35.43959272344544 61.650360350656676 46.968900217427745 44.01415050507262 57.32538271285393 48.577105890851875 45.54157800212665 50.481355535277494
28.010307215002676 22.98589349649677 20.668421838117148 39.72251749104097 34.53781327644524 30.166673971241842 50.31193348528239 37.04634694027728 33.9654894847533 39.348252730442006 31.523351237739764 28.2668617647041 33.04615524429529
81.96745908566372 66.3979966642911 63.26044026441517 36.842970290425704 31.68892085470517 27.879759406438797 26.88882496531031 28.897469660566472 26.82018772942981 48.566418113799905 42.32812905985425 39.32012913342793 43.40489210236069
23.32274314033081 18.6092593452904 17.293967657308748 39.47153869426682 35.64136692692682 31.814477943448665 62.05221207457685 47.295730008306066 43.97884349300697 41.61549796972483 33.8487854268411 31.029096364588128 35.497793253718015
7.8954240669226685 9.696981185210229 10.220932391601947 20.91058516047038 19.46281306226846 17.66374422137257 19.963843616762578 12.323231631921386 11.590481078855916 16.25661761471854 13.827675293133359 13.15838589727681 14.414226268376236
19.425722341297806 18.95209032118918 19.96177441994533 12.817388417651228 10.145785998291009 8.671616177838873 29.388039848590893 18.050667633221828 16.968959011791142 20.543716869179978 15.716181317567338 15.200783203191781 17.15356046331303
0.0 0.0 0.00044499822000712005 1.3989238506139003 1.569219593645307 1.5192999781572372 0.0 0.0007689941556444171 0.0007689941556444171 0.46630795020463345 0.5233295292669838 0.5068379901776295 0.49882515654974896
3.090908384512987 6.9957025329049625 8.265620887337475 8.518931009060998 7.979966423645711 7.197863235085417 34.20855640924535 22.89178188256235 20.91974362697503 15.272798600939778 12.622483613037673 12.127742583132639 13.341008265703366
0.5296280740889432 1.391277557811602 1.8496728694388047 0.0005004504053648283 0.00039737054235402315 0.00039737054235402315 0.014030169936279832 0.019224836747573193 0.016103015564775884 0.1813862314768626 0.4702999217005097 0.6220577518486449 0.4245813016753391
0.0 0.00024961876406942124 0.0008621080811289078 0.00282346297734171 0.0022690360179612114 0.0026269284042604005 0.0018653932248918071 0.0012081964044075005 0.0014496955639315742 0.0015629520674111724 0.001242283728812711 0.001646244016440294 0.0014838266042213925
0.007668711656441719 0.011504170261719873 0.011773940345368916 0.00010205440896531869 8.754462786370416e-05 9.15237834499532e-05 0.0015508684863523572 0.0012351778656126482 0.0012351778656126482 0.0031072115172531313 0.0042756309183987415 0.004366880664810506 0.003916574366820792
0.002201673271686482 0.001452643811737362 0.0012937566998114812 9.362845020839017e-05 0.00012757519646580255 0.00012596531419108435 0.0 0.0017277125086385624 0.0017277125086385624 0.0007651005739649574 0.0011026438389472423 0.001049144840880376 0.0009722964179308585
0.5252308368374972 0.4532997784606153 0.576477314406873 0.13624830988576708 0.11194390617223443 0.12994064196126548 1.2702922071192964 0.638419903948192 0.5886756657110059 0.6439237846141869 0.40122119619368063 0.4316978740263815 0.4922809516114163
0.0 0.0024566000655093347 0.0024566000655093347 0.015401365626507225 0.012307750745289864 0.013522363986607699 0.0 0.0 0.0 0.005133788542169075 0.0049214502702663995 0.005326321350705678 0.005127186721047051
0.0 0.0 0.0 0.0 0.0 0.0 0.0 0.0 0.0 0.0 0.0 0.0 0.0
0.0 0.0 3.2342572528218895e-05 0.0029154518950437317 0.002651113467656416 0.0034075420263516582 0.0 0.0 0.0 0.0009718172983479105 0.0008837044892188052 0.0011466281996266256 0.0010007166623977803
0.0 0.0 0.0 0.0 0.0 0.0 0.0 0.0 0.0 0.0 0.0 0.0 0.0
0.0 0.0 0.0 0.0 0.0 0.0 0.0 0.0 0.0 0.0 0.0 0.0 0.0
0.0 0.0 0.0 0.0 0.0 0.0 0.0 0.0 0.0 0.0 0.0 0.0 0.0
0.0 0.0 0.0 0.0 0.0 0.0 0.0 0.0 0.0 0.0 0.0 0.0 0.0
0.0 0.0 0.0 0.0 0.0 0.0 0.0 0.0 0.0 0.0 0.0 0.0 0.0
0.0 0.0 0.0 0.0 0.0 0.0 0.0 0.0 0.0 0.0 0.0 0.0 0.0
0.0 0.0 0.0 0.0 0.0 0.0 0.0 0.0 0.0 0.0 0.0 0.0 0.0
0.0 0.0 0.0 0.0 0.0 0.0 0.0 0.0 0.0 0.0 0.0 0.0 0.0
