results
88.23009939605619 76.57656138292943 73.60179936095864 51.569070832637145 44.53810662938801 39.96382116930043 81.11817704090987 60.43903230413882 56.54090690346971 73.6391157565344 60.51790010548542 56.70217581124293 63.61973055775425
88.23009939605619 76.57656138292943 73.60179936095864 51.569070832637145 44.53810662938801 39.96382116930043 81.11817704090987 60.43903230413882 56.54090690346971 73.6391157565344 60.51790010548542 56.70217581124293 63.61973055775425
88.23009939605619 76.57656138292943 73.60179936095864 51.569070832637145 44.53810662938801 39.96382116930043 81.11817704090987 60.43903230413882 56.54090690346971 73.6391157565344 60.51790010548542 56.70217581124293 63.61973055775425
88.23009939605619 76.57656138292943 73.60179936095864 51.569070832637145 44.53810662938801 39.96382116930043 81.11817704090987 60.43903230413882 56.54090690346971 73.6391157565344 60.51790010548542 56.70217581124293 63.61973055775425
88.23009939605619 76.57656138292943 73.60179936095864 51.569070832637145 44.53810662938801 39.96382116930043 81.11817704090987 60.43903230413882 56.54090690346971 73.6391157565344 60.51790010548542 56.70217581124293 63.61973055775425
88.08837336231633 76.4084615953095 73.50108875789817 51.93954456646364 44.86724825347147 40.452803784631854 77.86256375742566 59.1455153865493 55.3664585222335 72.63016056206855 60.140408411776754 56.440117021587845 63.07022866514439
87.0395240481716 75.67018456290467 72.66540070906737 50.84083625410653 44.13571541467009 39.457378220258335 74.00315161244094 55.35403643090768 52.00065784036754 70.62783730490635 58.38664546949415 54.70781225656441 61.24076501032164
89.06484687417148 76.17552327072379 73.45914762840606 49.33013892925266 42.352300350423306 37.85555967438783 80.15696137322085 60.37210240412539 56.315042149918085 72.85064905888167 59.63330867509083 55.87658315090399 62.78684696162549
88.01260078134199 76.19957667597046 72.88703214479429 49.74593970224908 42.75910079003789 38.49605396656376 82.71570558663738 60.67404956964493 56.92592593212187 73.49141535674282 59.877575678551096 56.10300401449331 63.157331683262406
87.30675781235662 75.1001712523813 70.75175564764783 50.392546168649886 43.677536929789454 39.33464873085512 80.56237207511658 59.74464447069463 55.9255496955606 72.75389201870769 59.50745088428846 55.337318024687846 62.53288697589466
86.77887148537904 74.65305827521266 70.59404001788691 41.846371735373864 35.96733673137616 31.734422100452083 72.03839369552442 50.60925801492366 47.526410097265035 66.88787897209244 53.743217673837485 49.951624071868004 56.86090690593266
83.81253943342013 71.35189729446392 66.75769362837023 39.626531609981406 33.88289635856246 29.941998061414875 77.72135499061979 57.959751149705475 54.37962104921238 67.05347534467377 54.39818160091062 50.35977091299916 57.27047595286118
86.6778229635632 74.63056378705343 70.25832228614625 43.69380206354706 37.04340897609036 33.038960499133225 76.46369082780525 55.9545306604323 52.6324679636055 68.94510528497183 55.8761678078587 51.97658358296166 58.93261889193073
85.87579617363058 74.42122807898733 70.59376249667942 38.22007929608451 33.18426189104188 29.582822654623918 72.33106302181248 51.87412585136953 48.82661151542937 65.47564616384251 53.159871940466246 49.66773222224423 56.101083442184326
87.56500051348596 75.96976594870071 72.70103744834213 47.968655289985634 41.62167008586839 37.523445179486856 69.07819301819222 52.9017137160473 49.69607853770418 68.20394960722128 56.83104991687213 53.30685372184439 59.4472844153126
79.59849661512855 68.16721492423376 65.67006277943658 43.66321891808972 37.4896335964433 33.46952962620789 68.54668014273372 49.07973060003087 45.673629840411024 63.936131891984 51.57885970690264 48.271074082018494 54.59535522696838
83.66301361355049 71.78964383841259 68.29534983048427 38.40316276807648 33.20232856827519 29.92435109467576 76.69749272392458 54.53355946757297 51.24351718601463 66.25455636851719 53.175177291420255 49.82107270372489 56.41693545455411
85.92165607182227 72.38979643848091 68.28263852558156 35.87702553399355 30.537287353672436 26.659262272186968 57.51914107374804 42.509874154629195 39.91791247081398 59.77260755985463 48.478985982260845 44.953271089527505 51.06828821054766
85.38529254587444 71.93420509577928 67.65945819525454 42.833756317513064 37.40689658215031 33.87324973851674 61.42920351923068 43.9091839086032 40.454114136261246 63.216084127539396 51.08342852884426 47.328940690010846 53.876151115464836
76.51802502305203 64.54085380815881 62.65948998996523 46.05063671862983 39.990602075329036 36.64164352396867 75.34664836579844 50.852049309164684 47.46863695634001 65.97177003582676 51.79450173088418 48.923256823424644 55.56317619671185
63.54880067286539 54.79439407786513 52.93458477509094 38.27665940127732 33.24016020156842 29.737519120390075 64.92388125220594 41.15227052564529 38.09818431783511 55.583113775449554 43.06227493502629 40.25676273777204 46.30071714941595
78.68588104734951 67.36935109815161 62.70659554569914 38.931419088487 33.76901247849533 29.933632427256885 71.6990825268612 52.46158404713304 49.28770315235223 63.105460887565904 51.19998254125999 47.30931037510275 53.87158460130954
72.40521944055571 60.69495547298279 57.91091134838816 26.829010968946964 21.705297123832718 19.5327711537292 40.904388591523414 29.30465951644373 27.839182041661935 46.71287300034203 37.234970704419744 35.09428818125976 39.68071062867384
80.85003101399403 67.3490946453905 62.91030559552049 19.461916619579487 16.542411357969243 14.529359964272054 62.18938679171052 45.26279162809427 42.59793096901873 54.16711147509468 43.051432543818 40.012532176270426 45.743692065061026
62.39396768320217 56.48151504911725 55.980013182268465 0.2668226380130327 0.2033499711277456 0.17362034115861713 73.6583942391381 51.98345781252536 48.65475922227993 45.439728186784436 36.22277427759011 34.93613091523567 38.86621112653674
53.11485192694184 47.42254340016082 43.95932531864049 23.096243991954818 19.852464001894067 18.11392426450653 34.68057532916974 23.457104432489785 21.754312010240533 36.96389041602213 30.244037278181555 27.94252053112918 31.716816075110962
64.1716261217393 55.13885663887118 51.18046436592514 19.220493542422524 16.765769894615538 14.397226088310026 55.765377893763834 34.78352576179308 32.542507879579354 46.38583251930854 35.56271743175993 32.70673277793818 38.21842757633556
58.71780248816092 47.335640046501716 45.054681018173234 3.4121277415092846 2.6263055015013848 2.0985638010172956 40.27692947974462 24.65084741553441 23.105615780434537 34.13561990313827 24.87093098784584 23.419620199875023 27.475390363619706
70.68769555615482 57.387911436422954 53.01624646315523 30.270206054973492 23.128880675561838 20.62073696341461 25.699626347925808 17.128231178489912 16.082445759039043 42.21917598635137 32.5483410968249 29.90647639520296 34.891331159459746
35.70694881771449 32.22044723867539 30.293808095697056 29.189565614107092 25.3023699857279 22.18965869463794 0.004758020663404024 0.0662591767123893 0.06982931986525454 21.633757484161663 19.196358800371893 17.51776537006675 19.44929388486677
2.131015646015243 3.869702457104181 4.967915980938571 2.1250547187854205 1.665680673743461 1.4440493642939085 57.74353554287464 37.32262627752952 34.944489372768814 20.666535302558433 14.286003136125721 13.785484906000432 16.246007781561527
28.744415286683168 26.92244451671434 25.748042186945685 34.17246858495194 29.726038101668152 27.141183008395064 12.308063215074586 10.140735092095026 9.380619143706069 25.074982362236565 22.26307257015917 20.756614779682273 22.698223237359336
12.255305672091065 13.875387073896814 15.82806502394096 7.398112966956878 7.086065682640706 6.15625571840311 24.28730489518503 14.50484560489849 14.089925719025054 14.646907844744325 11.822099453812003 12.024748820456375 12.831252039670902
52.26966834089974 42.524734895687175 39.46636514343167 21.852304210996103 18.395978109269727 16.289608718171635 61.4559939117524 36.43303879339756 34.00147315342432 45.192655487882746 32.45125059945149 29.919149005009206 35.85435169744781
51.106704801114034 44.05381426163735 42.32839535857432 26.696996983248912 23.599465840295895 21.58034711197055 1.8621936640712864 3.5599307124824375 3.3572596929622374 26.55529848281141 23.737736938138564 22.42200072116903 24.238345380706335
12.444993375253718 13.341043684297867 14.316817047184212 0.060142675698184024 0.0202277075975708 0.016106343525553027 9.356211925197467 5.554687885993852 5.624551625583176 7.287115992049789 6.30531975929643 6.652491672097647 6.748309141147954
26.26393936737161 22.642927345134236 22.693697084648722 19.533557970657515 16.040390633312406 14.241790300604364 14.514200676379591 8.10447060110999 7.436972863599628 20.10389933813624 15.595929526518875 14.790820082950903 16.83021631586868
1.445238808764213 1.5880844832058327 2.1289442444164215 0.0027998656064508903 0.0026777622147153334 0.0030892165746766623 0.0069495563239241704 0.06465701081799807 0.0631710983001387 0.484996076898196 0.5518064187461821 0.731734853097079 0.5895124495804857
7.799435728835722 10.341877784923122 12.083988929574303 1.313786670220563 0.8012795871641418 0.5920195827387273 0.0 0.0 0.0 3.0377407996854284 3.7143857906957547 4.22533617077101 3.659154253717398
0.11380431497647155 0.29795790541017425 0.66481379079624 29.396086641615472 25.39764363514173 22.258293618592802 57.62278509320029 37.62380034026123 34.75440641335506 29.044225349930745 21.10646729360438 19.2258379409147 23.125510194816613
10.027646680183508 9.825604561208824 9.991562893309554 0.12692509385410633 0.1059928946139908 0.0899035179727127 2.565266513432749 1.6440312511878072 1.5371857197974892 4.239946095823455 3.8585429023368736 3.872884043693252 3.9904576806178604
5.275412237877099 5.356887138244559 6.787940555636782 0.6779699133609695 0.5419948245623464 0.5340411711281063 8.618265170067716 5.34527781525813 5.216366222644588 4.857215773768594 3.748053259355012 4.179449316469825 4.261572783197811
0.2649527259321742 0.2344209300203331 0.30686404976314546 0.15199321389453138 0.10026705925099695 0.0878262643438195 6.9169144245058645 4.159707669224234 3.900397150353696 2.44462012144419 1.4981318861651882 1.431695821486887 1.791482609698755
3.673428380632582 4.921440811634491 5.941869755395992 12.524003468804517 9.861316421614855 8.869829056002068 25.949394000311898 15.551133780956947 14.57650294745671 14.048941949916331 10.111297004735432 9.79606725295159 11.318768735867783
12.460105588735788 14.217011388729977 14.650189390551915 0.0061750176429075515 0.005586959379518864 0.005586959379518864 4.862980269953644 4.1170489018725585 3.8355254690711305 5.776420292110781 6.113215749994018 6.163767273000855 6.017801105035218
0.06295217971313671 0.06439509252518931 0.10906818819083645 2.863160008109848 3.0794174960464225 2.9486346924129925 0.36876900743335084 0.231842303465269 0.2625253873548615 1.0982937317521118 1.1252182973456268 1.1067427559862302 1.110084928361323
0.048009199256095085 0.08235471259502458 0.10686215955772002 0.20522706112658906 0.1410307262391596 0.12993683115527965 0.2922612929927009 0.19128511991081076 0.19523826295426144 0.18183251779179502 0.13822351958166498 0.14401241788908703 0.15468948508751568
0.19729103067993645 0.224297578873962 0.22664456584406872 0.0 0.00014269677885804524 0.00019025875190258754 0.0 0.0 0.0 0.06576367689331215 0.07481342521760669 0.0756116081986571 0.0720629034365253
0.2697990254026925 0.30861051032521786 0.43387563054604766 4.371896283139301 4.188232260544773 4.234041877179175 0.1085071102020827 0.07134368708460995 0.06536892749245303 1.5834008062480251 1.5227288193182 1.5777621450725585 1.5612972568795949
0.0125 0.00902105950788565 0.01331399376515414 0.004150525733259546 0.0033688182185689264 0.0033688182185689264 0.00022642876551037043 0.0002125759959185409 0.0002480018139561249 0.005625651499589972 0.004200817907457706 0.005643604599226398 0.005156691335424692
0.027423537454117065 0.012622838904141722 0.022741446720712172 0.46430422019887324 0.5174035757685189 0.4941160252086742 1.99008757869331 1.0844949193191535 0.9637788328874807 0.8272717787821001 0.5381737779972714 0.49354543493895564 0.619663663906109
0.001216578522109593 0.0019471610134521747 0.0026298826866056465 0.000563757178508073 0.00037437089412791115 0.0004231936143338933 0.0 0.0001378853896641112 0.0001378853896641112 0.000593445233539222 0.0008198057657480656 0.0010636538968678837 0.000825634965385057
0.004655493482309124 0.0012077294685990338 0.002816221435468297 0.0 0.0 0.0 0.0 0.0 0.0 0.0015518311607697081 0.00040257648953301127 0.0009387404784894324 0.0009643827095973838
0.007023567972530046 0.007523223864974486 0.011267881638252009 0.0 0.0 0.0 0.0003544590954203885 0.00017944944909019129 0.00017944944909019129 0.002459342355983478 0.0025675577713548925 0.003815777029114067 0.002947559052150812
0.00015500992063492063 4.495476167751806e-05 5.53287078533568e-05 0.0 0.0 0.0037764350453172203 0.0018254837531945965 0.0016492941021242907 0.001978891820580475 0.0006601645579431724 0.0005647496212672695 0.0019368851912503508 0.001053933123486931
0.0 0.0 0.0 0.0 0.0 0.0 0.0 0.0 0.0 0.0 0.0 0.0 0.0
0.0 0.0 0.00023366669782222638 0.0009629582076137895 0.0006685162282314402 0.0006685162282314402 0.005773672055427252 0.004578754578754579 0.004578754578754579 0.0022455434210136805 0.0017490902689953397 0.0018269791682694152 0.001940537619426145
0.007068290561113528 0.008573195412637733 0.011549614193738634 0.06618353159923454 0.03526363329630575 0.03304908747050839 0.017268442314902824 0.004363495780005747 0.00411101432132764 0.030173421491750296 0.016066774829649747 0.016236571995191556 0.02082558943886386
0.007561119045618752 0.00811305577899204 0.012206223104932142 7.511981610669017e-05 8.078541044863811e-05 8.812927977814923e-05 0.03223207091055601 0.02323087919942816 0.025737817433081678 0.013289436590760484 0.010474906796289615 0.01267738993926399 0.012147244442104695
0.0009161983874908379 0.0006192481374921404 0.0003455345419363756 0.0 0.0 0.0 0.0 0.0 0.0 0.000305399462496946 0.00020641604583071345 0.00011517818064545853 0.00020899789632437265
0.0 0.0 0.0 0.0 0.0 0.0 0.0 0.0 0.0 0.0 0.0 0.0 0.0
0.0 0.0 0.0 3.08809723800583e-05 3.5416032129424346e-05 4.426988337541924e-05 0.0 0.0 0.0 1.0293657460019433e-05 1.1805344043141449e-05 1.4756627791806413e-05 1.2285209764989099e-05
0.0 0.0 0.0 0.0 0.0 0.0 0.0 0.0 0.0 0.0 0.0 0.0 0.0
