2023-05-26 11:33:01.132863
s	n	mthd	Car/easy_R40	Car/moderate_R40	Car/hard_R40	Pedestrian/easy_R40	Pedestrian/moderate_R40	Pedestrian/hard_R40	Cyclist/easy_R40	Cyclist/moderate_R40	Cyclist/hard_R40	easy_R40	moderate_R40	hard_R40	avg	time
1e-31	0	3d	86.53951259572938	75.65133476705178	72.45197549599698	50.897225929905574	44.36203073697643	39.607059176070905	79.46962756092675	61.61385041379282	57.499984041574706	72.3021220288539	60.54240530594034	56.51967290454753	63.12140007978059	2023-05-26-11:36:44.999366
1e-31	1	3d	86.53951259572938	75.65133476705178	72.45197549599698	50.897225929905574	44.36203073697643	39.607059176070905	79.46962756092675	61.61385041379282	57.499984041574706	72.3021220288539	60.54240530594034	56.51967290454753	63.12140007978059	2023-05-26-11:40:58.906021
1e-31	2	3d	86.53951259572938	75.65133476705178	72.45197549599698	50.897225929905574	44.36203073697643	39.607059176070905	79.46962756092675	61.61385041379282	57.499984041574706	72.3021220288539	60.54240530594034	56.51967290454753	63.12140007978059	2023-05-26-11:44:41.345987
1e-31	3	3d	86.53951259572938	75.65133476705178	72.45197549599698	50.897225929905574	44.36203073697643	39.607059176070905	79.46962756092675	61.61385041379282	57.499984041574706	72.3021220288539	60.54240530594034	56.51967290454753	63.12140007978059	2023-05-26-11:48:24.592345
1e-31	4	3d	86.53951259572938	75.65133476705178	72.45197549599698	50.897225929905574	44.36203073697643	39.607059176070905	79.46962756092675	61.61385041379282	57.499984041574706	72.3021220288539	60.54240530594034	56.51967290454753	63.12140007978059	2023-05-26-11:52:08.920902
1e-31	5	3d	86.53951259572938	75.65133476705178	72.45197549599698	50.897225929905574	44.36203073697643	39.607059176070905	79.46962756092675	61.61385041379282	57.499984041574706	72.3021220288539	60.54240530594034	56.51967290454753	63.12140007978059	2023-05-26-11:55:48.786051
1e-31	6	3d	86.53951259572938	75.65133476705178	72.45197549599698	50.897225929905574	44.36203073697643	39.607059176070905	79.46962756092675	61.61385041379282	57.499984041574706	72.3021220288539	60.54240530594034	56.51967290454753	63.12140007978059	2023-05-26-11:59:31.765023
1e-31	7	3d	86.53951259572938	75.65133476705178	72.45197549599698	50.897225929905574	44.36203073697643	39.607059176070905	79.46962756092675	61.61385041379282	57.499984041574706	72.3021220288539	60.54240530594034	56.51967290454753	63.12140007978059	2023-05-26-12:03:13.856348
1e-31	8	3d	86.53951259572938	75.65133476705178	72.45197549599698	50.897225929905574	44.36203073697643	39.607059176070905	79.46962756092675	61.61385041379282	57.499984041574706	72.3021220288539	60.54240530594034	56.51967290454753	63.12140007978059	2023-05-26-12:06:55.952799
1e-31	9	3d	86.53951259572938	75.65133476705178	72.45197549599698	50.897225929905574	44.36203073697643	39.607059176070905	79.46962756092675	61.61385041379282	57.499984041574706	72.3021220288539	60.54240530594034	56.51967290454753	63.12140007978059	2023-05-26-12:10:39.553240
0.05	0	3d	85.64067568087985	72.92948058444331	70.00745703497391	46.50991030351111	41.47239693992862	37.531553077817605	74.64480113980866	56.899696778204664	53.26763054469536	68.93179570806655	57.100524767525535	53.60221355249562	59.878178009362564	2023-05-26-12:14:22.378126
0.05	1	3d	85.90734950344874	73.65889324478529	70.04564329212299	46.187296768561616	40.317954019853865	35.980398564779584	76.71187378852984	58.500136540485684	54.75162575391719	69.60217335351341	57.49232793504162	53.59255587027325	60.22901905294275	2023-05-26-12:18:06.837170
0.05	2	3d	86.09646181056367	73.1936602133851	69.99989704161436	46.39115900796248	40.26156049057854	36.191504322957805	77.31837265634915	61.24587172463691	57.159751647719006	69.93533115829177	58.233697476200184	54.450384337430386	60.87313765730745	2023-05-26-12:21:52.667563
0.05	3	3d	84.4361627605377	74.22124397847553	70.12151553138743	46.27147285863372	40.783032028091675	36.30910426860186	80.65318897510828	60.045938718427216	55.92297891035239	70.45360819809322	58.35007157499814	54.117866236780564	60.973848669957306	2023-05-26-12:25:36.462034
0.05	4	3d	84.27726643854646	74.56403588948875	69.92488958688521	47.88588300074409	41.629545975334906	36.97511373442215	77.55522394923857	59.77284305918331	55.933737433392274	69.90612446284304	58.655474974668984	54.277913584899885	60.946504340803976	2023-05-26-12:29:18.584740
0.05	5	3d	82.9735061438303	72.13777048526703	69.06702780918363	49.86861486563975	43.87095644575756	39.81881089035325	74.25309448531824	56.82201978145536	53.80609427338434	69.03173849826277	57.61024890415998	54.23064432430707	60.29087724224327	2023-05-26-12:32:58.843510
0.05	6	3d	84.47572549758875	74.13138542647661	69.33887775819622	39.887273064081434	35.503104862963205	31.96404298948791	78.72429350348052	60.91242398157706	57.198063055287285	67.69576402171691	56.84897142367229	52.833661267657135	59.126132237682114	2023-05-26-12:36:41.414347
0.05	7	3d	83.87469390951466	74.22876503315699	69.82512429265593	46.51723944993596	40.8016871631642	36.57210005288661	75.77050942618862	58.903097712497086	55.139310657067895	68.72081426187974	57.9778499696061	53.84551166753681	60.181391966340875	2023-05-26-12:40:23.041795
0.05	8	3d	84.0843218674602	72.8973130758121	69.81571432119183	43.59344278622104	38.38138306563541	34.22424960649036	73.12254073634573	55.668696565668675	51.853069667536936	66.93343513000899	55.649130902372065	51.964344531739705	58.18230352137358	2023-05-26-12:44:01.399792
0.05	9	3d	84.21228261477098	72.90818649920341	69.89798230464366	46.928565091765094	40.816959537311334	36.2593052386669	75.76051016817115	57.80322382789136	53.644102537147084	68.96711929156908	57.176123288135365	53.26713002681922	59.80345753550788	2023-05-26-12:47:41.568412
0.1	0	3d	59.351079328572176	49.335592401597886	46.47761289634576	31.95249674546509	29.228176829699475	26.02025978865694	70.40175992068875	54.11662324330349	50.483226022182826	53.90177866490867	44.226797491533624	40.993699569061846	46.37409190850137	2023-05-26-12:51:19.661759
0.1	1	3d	78.45779020011211	66.73896665623292	62.72439539498747	30.980558291987396	27.551431513253384	24.59257882137748	73.9936340699386	55.60816995370035	52.09674733435254	61.14399418734604	49.966189374395555	46.47124051690582	52.527141359549134	2023-05-26-12:55:03.084788
0.1	2	3d	79.32096528542395	68.0496125719371	64.12387578901134	41.22276115568791	35.32837997038907	31.73532743033095	67.10096126483909	51.17517163093722	47.6457221883615	62.54822923531699	51.517721391087804	47.83497513590127	53.96697525410201	2023-05-26-12:58:50.443510
0.1	3	3d	78.15365580709377	66.42975694797754	63.65242372622766	45.34241421722133	38.877191351668024	34.646260311966	67.51717384616677	51.52117662924407	48.23319999154474	63.67108129016062	52.27604164296321	48.84396134324614	54.93036142545665	2023-05-26-13:02:33.149959
0.1	4	3d	73.8640895712051	64.38267177828962	61.19168575883679	28.442345530347247	25.343156862104856	22.95635537845116	67.11462519398681	48.421355344445324	44.98729213125337	56.47368676517973	46.049061328279926	43.045111089513775	48.52261972765781	2023-05-26-13:06:16.556630
0.1	5	3d	42.86399595956861	42.70715463374784	41.118897058052035	38.69929137955231	34.24591995366465	30.838581814655917	59.717938464323225	39.318341324917185	36.84180613740092	47.093741934481386	38.75713863744323	36.26642833670296	40.70576963620918	2023-05-26-13:09:59.237734
0.1	6	3d	81.7105631859697	68.1703520948834	63.15723451547719	33.8200609462433	29.36572768699922	25.991773463772255	54.79114380925696	39.92984498036579	36.720074631153665	56.77392264715666	45.821974920749476	41.95636087013437	48.18408614601349	2023-05-26-13:13:48.077934
0.1	7	3d	57.738561909734486	51.84293415514687	50.81194031475774	41.146744265264196	36.167230312318985	32.22480814920042	60.15886418256336	48.10253502753067	44.79037155039188	53.014723452520684	45.370899831665504	42.609040004783346	46.99822109632319	2023-05-26-13:17:33.462667
0.1	8	3d	78.81805680715006	68.25641374658854	65.75237370028135	33.685671032299055	29.161265605980503	25.765195371331046	65.40347486062944	52.14744557332178	48.302828932722086	59.302400900026186	49.8550416419636	46.60679933477817	51.92141395892265	2023-05-26-13:21:10.914324
0.1	9	3d	76.36135901461876	62.59715423581825	59.24511570450491	42.143671035302546	35.49023377038741	31.49053199302608	66.89571673054007	44.65431769217016	41.49982825772716	61.80024892682045	47.58056856612527	44.07849198508605	51.15310315934393	2023-05-26-13:24:56.066860
0.15000000000000002	0	3d	44.810973436483046	37.622973179691044	36.71572495505018	22.947728439164656	19.530643448704048	17.58263940289872	56.973591731884596	38.4655569668496	36.04426969397417	41.577431202510766	31.873057865081563	30.114211350641025	34.521566806077786	2023-05-26-13:28:41.162844
0.15000000000000002	1	3d	41.56840232893001	33.22370672423681	31.601607207827374	34.4611308857208	27.445729499683903	24.328697700559303	59.54214448380426	44.037943208010674	40.77334079464439	45.19055923281835	34.9024598106438	32.234548567677024	37.44252253704639	2023-05-26-13:32:31.435151
0.15000000000000002	2	3d	3.5150645635504554	5.6152644688581335	7.06469150572257	7.348403215785226	7.675435377462415	7.674578603767516	18.270703509286584	15.53279910282534	14.741879869236426	9.711390429540755	9.60783298304863	9.827049992908838	9.715424468499407	2023-05-26-13:36:15.200777
0.15000000000000002	3	3d	34.54983122678105	30.744315827264167	28.629351541803917	28.163687457704377	25.154272458995376	23.0985473291352	34.44529446846667	23.240900566891025	22.00196331432494	32.38627105098403	26.379829617716855	24.57662072842135	27.780907132374075	2023-05-26-13:40:05.891375
0.15000000000000002	4	3d	58.45421664863568	52.1245115835083	50.698700451888826	22.090723149375822	19.5768571165099	16.871219817888505	65.94147194858012	43.48934721886523	40.62647010720282	48.828803915530536	38.39690530629448	36.065463458993385	41.0970575602728	2023-05-26-13:44:08.500539
0.15000000000000002	5	3d	50.16488299775544	45.665076711034956	44.463483638344194	12.271151478011715	11.045641928741482	9.546345447969351	60.70911560818957	46.03727065575025	42.941618403090175	41.04838336131891	34.24932976517556	32.31714916313457	35.871620763209684	2023-05-26-13:47:51.688779
0.15000000000000002	6	3d	55.53030287719064	44.782952067325404	41.047306703141366	24.578986230766724	21.86089666115155	19.044674124870262	63.31301628306496	48.34820213313081	44.78916285203447	47.80743513034077	38.33068362053592	34.96038122668204	40.366166659186234	2023-05-26-13:51:37.745949
0.15000000000000002	7	3d	32.42717635894942	31.940889674503897	28.87094532671218	33.814720300829535	31.01878101668167	28.638121690867823	60.01647476685924	39.03914330017747	36.204479519748254	42.08612380887939	33.99960466378768	31.237848845776085	35.774525772814386	2023-05-26-13:55:22.319906
0.15000000000000002	8	3d	25.480220414455047	24.807488682744857	24.20654494364487	4.999358764314209	3.884024306289492	3.505775009637449	1.9460650720923547	2.075135332594376	2.020153139645172	10.808548083620536	10.255549440542909	9.910824364309164	10.324973962824204	2023-05-26-13:59:16.394364
0.15000000000000002	9	3d	22.071721704071088	21.121240215392064	20.827667751050672	17.01266691649756	14.247617173877344	12.669600675437229	43.0309432415503	28.33611597474584	26.30337430881297	27.371777287372982	21.234991121338414	19.933547578433622	22.84677199571501	2023-05-26-14:03:06.534663
0.2	0	3d	16.40839995722682	15.632746136566475	15.05509930603704	6.000697533424764	4.086242884995794	3.5467225259494457	20.84376667201538	12.570060621301838	11.87957901662164	14.417621387555656	10.763016547621369	10.160466949536042	11.780368294904356	2023-05-26-14:07:10.810622
0.2	1	3d	3.6395271498791475	4.403960478797076	4.606954728244764	3.2249214903505257	3.306284742339745	3.180454716398125	29.46606962087487	20.54383838312827	19.43721915602919	12.110172753701514	9.418027868088364	9.074876200224027	10.201025607337968	2023-05-26-14:11:10.067450
0.2	2	3d	0.052411398221165674	0.08142929964522706	0.0947880721630686	0.6098840113049582	0.4953187217655754	0.43741614018100083	14.031219828310643	8.723431771839937	8.240762684036987	4.897838412612256	3.10005993108358	2.9243222987936854	3.6407402141631735	2023-05-26-14:15:12.675030
0.2	3	3d	16.6026452023451	18.80619274422986	18.2730789317655	11.83233779643361	11.566873753468917	10.778248186942696	13.113049429232653	7.1772298258451315	6.97002105403609	13.849344142670455	12.516765441181304	12.007116057581428	12.791075213811062	2023-05-26-14:19:04.818718
0.2	4	3d	1.2604418676657065	2.8033900932892797	3.008091392623912	1.2242242977043247	1.0613680485645678	1.0118065503714806	2.8958228175858154	2.6381699570516846	2.3821171722250227	1.7934963276519487	2.167642699635177	2.134005038406805	2.0317146885646435	2023-05-26-14:22:54.581016
0.2	5	3d	31.61906241360846	23.84760447940751	21.8093099495603	15.302256174797648	13.352352178643677	12.077845958437482	0.05041537090206551	0.09351009547480657	0.0961763793565449	15.657244653102724	12.431155584508666	11.327777429118107	13.138725888909834	2023-05-26-14:26:48.530405
0.2	6	3d	25.829122658071746	22.093194357318318	20.829434060971085	1.304692445713719	1.0835264681048375	1.062728480387765	8.127642222260684	6.228350150952826	5.779465684767478	11.75381910868205	9.80169032545866	9.223876075375443	10.259795169838716	2023-05-26-14:30:52.128041
0.2	7	3d	5.612271587361706	8.833158326878603	9.746660393766259	0.8882737525688893	1.0389463601006583	1.0668416533976477	1.8866103180980174	2.429293035650485	2.4092025956451013	2.795718552676204	4.100465907543248	4.407568214269669	3.767917558163041	2023-05-26-14:34:47.784964
0.2	8	3d	15.327923412251248	14.12700725740111	16.422991378105646	6.3565284628014345	5.570777096539433	5.13112272827279	24.3656416546753	12.263144082750532	11.470953344413175	15.350031176575996	10.653642812230357	11.008355816930537	12.337343268578964	2023-05-26-14:38:37.957004
0.2	9	3d	17.510507985803233	19.348226575895886	18.91427567406665	5.071322196934562	4.932481797936951	4.608224402168949	8.055777180618588	9.240405049753754	8.68382772686234	10.21253578778546	11.173704474528863	10.735442601032647	10.707227621115656	2023-05-26-14:42:36.880626
0.25	0	3d	0.0	0.0	0.0	0.0	0.0	0.0	0.0	0.0	0.0	0.0	0.0	0.0	0.0	2023-05-26-14:46:08.104617
0.25	1	3d	8.704296391011367	9.736893376035177	10.050410850937732	3.482646873901887	3.4356228319859876	3.0563090841874483	1.652536406346033	1.4191605282418658	1.3567208363915613	4.613159890419762	4.8638922454210105	4.821146923838914	4.766066353226561	2023-05-26-14:50:08.475941
0.25	2	3d	0.9548538483868583	0.9398822517148214	1.0618049479134872	2.5339443975387166	1.9796049246807144	1.832302045183432	6.478930189885723	4.720976120523283	4.346639662422134	3.322576145270433	2.5468210989729396	2.413582218506351	2.760993154249908	2023-05-26-14:53:48.666190
0.25	3	3d	11.267572435091619	11.401046476331594	10.29306981807466	0.11134453200511356	0.08993462295614157	0.08088977118162691	4.511648608310023	3.041412985071058	2.625862366947069	5.296855191802251	4.844131361452931	4.333273985401118	4.824753512885433	2023-05-26-14:57:32.521374
0.25	4	3d	1.788351638143099	2.653465369827333	2.9120215510672387	1.4972037725065843	1.6759314776765133	1.5864638952039256	0.42350594340607817	0.4485792653142885	0.4052914098157075	1.236353784685254	1.5926587042727114	1.6345922853622907	1.487868258106752	2023-05-26-15:01:35.626452
0.25	5	3d	17.440373974088185	14.706733593641255	14.024543101404952	7.652055552013505	7.204821008091283	6.638379213039347	27.453781178573188	18.097891212191403	17.184686013042068	17.515403568224958	13.336481937974648	12.615869442495457	14.489251649565022	2023-05-26-15:05:51.161587
0.25	6	3d	5.146821639469456	4.890838634515214	5.45147285148113	0.13215932888906917	0.13311797220115695	0.1123438795890832	13.949435961560253	6.7852488531630994	6.28509839657298	6.4094723099729265	3.936401819959824	3.9496383758810647	4.765170835271271	2023-05-26-15:09:57.431319
0.25	7	3d	1.2871486999360287	2.3870740022283723	3.046131777371223	0.5659905551933653	0.534745765354268	0.4250608075428185	35.12223610423135	22.69708943717298	21.585692628603397	12.325125119786913	8.539636401585208	8.35229507117248	9.739018864181535	2023-05-26-15:13:58.069687
0.25	8	3d	4.159559246845161	3.927662905892013	4.240314776817831	5.632390346147433	4.442078983268316	3.917012192213349	4.432801546276872	2.0103347862501293	1.9145101179009676	4.741583713089822	3.4600255584701523	3.3572790289773824	3.8529627668457858	2023-05-26-15:18:04.296035
0.25	9	3d	0.04739034492226656	0.11110773192999697	0.16260527317464205	0.9478717063036882	0.5076678648484044	0.5104553613793835	0.00042319802281883743	0.023760393437662397	0.022387853909068497	0.33189508308292454	0.21417866340535463	0.23181616282103135	0.25929663643643686	2023-05-26-15:22:17.002682
0.30000000000000004	0	3d	0.03355704697986577	0.00724976613657624	0.010975154119185503	0.0	0.0020542317173377154	0.00273000273000273	0.0	0.0004663889061625521	0.0004663889061625521	0.011185682326621925	0.003256795586692169	0.004723848585116929	0.006388775499477007	2023-05-26-15:26:00.486623
0.30000000000000004	1	3d	0.001160586483036094	0.005226294066146122	0.006736340414927418	0.0010123165176311793	0.001019077123756726	0.001019077123756726	1.0455024716256467	0.6583283334242548	0.6423868234690256	0.34922512487543794	0.22152456820471922	0.21671408033590325	0.2624879244720202	2023-05-26-15:29:52.469858
0.30000000000000004	2	3d	0.0	0.002166377816291161	0.001998800719568259	0.03516005361658607	0.029187552242553517	0.029342777214358677	0.002086811352253756	0.001453347543842651	0.001453347543842651	0.012415621656279942	0.010935759200895777	0.010931641825923197	0.011427674227699637	2023-05-26-15:33:29.720133
0.30000000000000004	3	3d	0.591434330990825	0.7323385968642735	0.6616673845537137	0.0	0.0	0.0	0.5124485444540492	0.18354457546697428	0.17311436909414687	0.36796095848162474	0.3052943907770826	0.27826058454928687	0.31717197793599805	2023-05-26-15:37:47.286763
0.30000000000000004	4	3d	0.006139991813344248	0.005796728069045472	0.005796728069045472	0.009077405512460803	0.00793920834751049	0.010198300283286119	0.006142506142506142	0.009780907668231613	0.009780907668231613	0.0071199678227703974	0.007838948028262524	0.008591978673521067	0.00785029817485133	2023-05-26-15:41:29.394791
0.30000000000000004	5	3d	1.8674312028299282	1.0842018575594303	1.0533838294971023	1.0747032706149429	0.9315505430812301	0.817150248433539	0.157436325265032	0.08579494461216274	0.08052395228236475	1.0331902662366343	0.700515781750941	0.6503526767376687	0.7946862415750814	2023-05-26-15:45:37.870188
0.30000000000000004	6	3d	0.0001641640765223482	0.000307919694543663	0.0004618510992056161	0.0	0.0	0.0	0.0	0.0	0.0	5.472135884078273e-05	0.000102639898181221	0.00015395036640187203	0.00010377054114129192	2023-05-26-15:49:35.417743
0.30000000000000004	7	3d	0.010184129053283364	0.013027452974072193	0.013659466327827193	0.0	0.0	0.0	0.45454545454545453	0.5263157894736842	0.5263157894736842	0.1549098611995793	0.1797810808159188	0.17999175193383712	0.1715608979831117	2023-05-26-15:53:12.154757
0.30000000000000004	8	3d	0.32790972224902165	0.36584069323126855	0.3565644010667306	0.12486201615791594	0.12429485214008457	0.12556404556564513	1.4383742639166983	0.9456227628768542	0.9607922807260815	0.6303820007745453	0.47858610274940244	0.4809735757861524	0.5299805597700334	2023-05-26-15:57:42.847063
0.30000000000000004	9	3d	0.3780040940346662	0.2108625609551227	0.252953388498494	0.0022220027651589968	0.0025856973995271866	0.0031390796956939212	0.002004811547714515	0.0031540314256222044	0.0034403669724770644	0.12741030278251325	0.0722007632600907	0.08651094505555501	0.09537400369938633	2023-05-26-16:01:34.909131
0.35000000000000003	0	3d	0.002820078962210942	0.004128128473833601	0.00563567137294662	0.0003176620076238882	0.0005829091050402207	0.0013596985354104346	0.007481629944381673	0.001767857121254705	0.0018871864015078822	0.0035397903047388346	0.002159631566709509	0.002960852103288312	0.002886757991578885	2023-05-26-16:05:31.235775
0.35000000000000003	1	3d	0.01088048208905256	0.011448633796366969	0.01637720901889092	0.012551551013089475	0.008425487098472881	0.000372063357074519	0.0	0.0	0.0019364833462432226	0.007810677700714012	0.006624706964946617	0.00622858524073622	0.0068879899687989505	2023-05-26-16:09:23.060658
0.35000000000000003	2	3d	0.0005433010974682168	0.0013673655423883319	0.0018105849582172704	0.0	0.0	0.0	0.0	0.0	0.0	0.00018110036582273895	0.000455788514129444	0.0006035283194057568	0.0004134723997859799	2023-05-26-16:12:58.351051
0.35000000000000003	3	3d	0.0	0.0	0.0	0.0	0.0	0.0	0.0	0.0	0.0	0.0	0.0	0.0	0.0	2023-05-26-16:16:47.232531
0.35000000000000003	4	3d	0.0	0.0	0.0	0.0	0.0	0.0	0.0	0.0	0.0	0.0	0.0	0.0	0.0	2023-05-26-16:20:34.696634
0.35000000000000003	5	3d	0.0	0.0	0.0	0.0	0.0	0.0	0.0	0.0	0.0	0.0	0.0	0.0	0.0	2023-05-26-16:24:00.569908
0.35000000000000003	6	3d	0.007348824188129899	0.0029297083075874118	0.004312272407845141	0.002922023710135248	0.005105274276459405	0.0055961551122522876	0.00018909310944709173	0.0002643404705260375	0.0002643404705260375	0.0034866470025707464	0.002766441018190952	0.0033909226635411554	0.0032146702281009507	2023-05-26-16:28:12.691334
0.35000000000000003	7	3d	0.0	0.0	0.0	0.0	0.0	0.0	0.0	0.0	0.0	0.0	0.0	0.0	0.0	2023-05-26-16:31:41.643713
0.35000000000000003	8	3d	0.0	0.0	0.0	0.0	0.0	0.0	0.0	0.0	0.0	0.0	0.0	0.0	0.0	2023-05-26-16:35:27.569297
0.35000000000000003	9	3d	0.0	0.0	0.0	0.0	0.0	0.0	0.0	0.0	0.0	0.0	0.0	0.0	0.0	2023-05-26-16:39:41.937057
0.4	0	3d	6.831161024127661e-05	0.00017248582741451413	0.000249138555532984	0.0019928258270227183	0.001774937877174299	0.001774937877174299	0.0	0.0	0.0	0.0006870458124213315	0.0006491412348629377	0.000674692144235761	0.0006702930638400101	2023-05-26-16:44:10.149290
0.4	1	3d	0.0	0.0	0.0	0.0	0.0	0.0	0.0	0.0	0.0	0.0	0.0	0.0	0.0	2023-05-26-16:47:38.648291
0.4	2	3d	0.0	0.0	0.0	0.0	0.0	0.0	0.0	0.0	0.0	0.0	0.0	0.0	0.0	2023-05-26-16:51:04.566783
0.4	3	3d	0.0	0.0	0.0003019961948479449	0.0	0.0	0.0	0.0	0.0	0.0	0.0	0.0	0.0001006653982826483	3.355513276088277e-05	2023-05-26-16:54:47.761029
0.4	4	3d	0.0	0.0	0.0	0.0	0.0	0.0	0.0	0.0	0.0	0.0	0.0	0.0	0.0	2023-05-26-16:58:12.080467
0.4	5	3d	0.0	0.0	0.0	0.0	0.0	0.0	0.0	0.0	0.0	0.0	0.0	0.0	0.0	2023-05-26-17:01:50.085294
0.4	6	3d	0.00014135074774545555	5.680225997258344e-05	5.680225997258344e-05	0.0	0.0	0.0	0.0	0.00040350240083928497	0.0005043576500968366	4.711691591515185e-05	0.00015343488693728946	0.00018705330335647334	0.00012920170206963822	2023-05-26-17:07:05.153133
0.4	7	3d	0.0	0.0	0.0	0.0	0.0	0.0	0.0	0.0	0.0	0.0	0.0	0.0	0.0	2023-05-26-17:10:28.653569
0.4	8	3d	0.02463054187192118	0.006759934164119445	0.0017891057223858413	0.000585493805475538	0.0006307202825626867	0.0008058638860858841	0.0	0.00010141713543920382	0.00010141713543920382	0.008405345225798905	0.002497357194040445	0.0008987955813036429	0.003933832667047664	2023-05-26-17:15:02.002803
0.4	9	3d	0.0	0.0	0.0	0.0	0.0	0.0	0.0	0.0	0.0	0.0	0.0	0.0	0.0	2023-05-26-17:18:27.542405
0.45	0	3d	0.0	0.0	0.0	0.0	0.0	0.0	0.0	0.0	0.0	0.0	0.0	0.0	0.0	2023-05-26-17:21:54.779095
0.45	1	3d	0.0	0.0	0.0	0.0	0.0	0.0	0.0	0.0	0.0	0.0	0.0	0.0	0.0	2023-05-26-17:25:38.191943
0.45	2	3d	0.0	0.0	0.0	0.0	0.0	0.0	0.0	0.0	0.0	0.0	0.0	0.0	0.0	2023-05-26-17:30:08.866020
0.45	3	3d	0.0	0.0	0.0	0.0	0.0	0.0	0.0	0.0	0.0	0.0	0.0	0.0	0.0	2023-05-26-17:33:37.443243
0.45	4	3d	0.0	0.0	0.0	0.0	0.0	0.0	0.0	0.0	0.0	0.0	0.0	0.0	0.0	2023-05-26-17:37:04.333052
0.45	5	3d	0.0	0.0	0.0	0.0	0.0	0.0	0.0	0.0	0.0	0.0	0.0	0.0	0.0	2023-05-26-17:40:28.645141
0.45	6	3d	0.0	0.0	0.0	0.0	0.0	0.0	0.0	0.0	0.0	0.0	0.0	0.0	0.0	2023-05-26-17:43:54.655172
0.45	7	3d	0.0	0.0	0.0	0.0	0.0	0.0	0.0	0.0	0.0	0.0	0.0	0.0	0.0	2023-05-26-17:47:19.576290
0.45	8	3d	0.0	0.0	0.0	0.0	0.0	0.0	0.0	0.0	0.0	0.0	0.0	0.0	0.0	2023-05-26-17:51:07.749619
0.45	9	3d	0.0	0.0	0.0	0.0	0.0	0.0	0.0	0.0	0.0	0.0	0.0	0.0	0.0	2023-05-26-17:54:32.687527
0.5	0	3d	0.0	0.0	0.0	0.0	0.0	0.0	0.0	0.0	0.0	0.0	0.0	0.0	0.0	2023-05-26-17:57:59.666800
0.5	1	3d	0.0	0.0	0.0	0.0	0.0	0.0	0.0	0.0	0.0	0.0	0.0	0.0	0.0	2023-05-26-18:01:26.571951
0.5	2	3d	0.0	0.0	0.0	0.0	0.0	0.0	0.0	0.0	0.0	0.0	0.0	0.0	0.0	2023-05-26-18:04:54.667043
0.5	3	3d	0.0	0.0	0.0	0.0	0.0	0.0	0.0	0.0	0.0	0.0	0.0	0.0	0.0	2023-05-26-18:08:21.129249
0.5	4	3d	0.0	0.0	0.0	0.0	0.0	0.0	0.0	0.0	0.0	0.0	0.0	0.0	0.0	2023-05-26-18:11:45.760998
0.5	5	3d	0.0	0.0	0.0	0.0	0.0	0.0	0.0	0.0	0.0	0.0	0.0	0.0	0.0	2023-05-26-18:15:10.763454
0.5	6	3d	0.0	0.0	0.0	0.0	0.0	0.0	0.0	0.0	0.0	0.0	0.0	0.0	0.0	2023-05-26-18:18:40.493513
0.5	7	3d	0.0	0.0	0.0	0.0	0.0	0.0	0.0	0.0	0.0	0.0	0.0	0.0	0.0	2023-05-26-18:22:06.059365
0.5	8	3d	0.0	0.0	0.0	0.0	0.0	0.0	0.0	0.0	0.0	0.0	0.0	0.0	0.0	2023-05-26-18:25:30.949278
0.5	9	3d	0.0	0.0	0.0	0.0	0.0	0.0	0.0	0.0	0.0	0.0	0.0	0.0	0.0	2023-05-26-18:29:03.837023
0.55	0	3d	0.0	0.0	0.0	0.0	0.0	0.0	0.0	0.0	0.0	0.0	0.0	0.0	0.0	2023-05-26-18:32:28.597356
0.55	1	3d	0.0	0.0	0.0	0.0	0.0	0.0	0.0	0.0	0.0	0.0	0.0	0.0	0.0	2023-05-26-18:35:55.429557
0.55	2	3d	0.0	0.0	0.0	0.0	0.0	0.0	0.0	0.0	0.0	0.0	0.0	0.0	0.0	2023-05-26-18:39:21.396460
0.55	3	3d	0.0	0.0	0.0	0.0	0.0	0.0	0.0	0.0	0.0	0.0	0.0	0.0	0.0	2023-05-26-18:42:45.255776
0.55	4	3d	0.0	0.0	0.0	0.0	0.0	0.0	0.0	0.0	0.0	0.0	0.0	0.0	0.0	2023-05-26-18:46:09.995942
0.55	5	3d	0.0	0.0	0.0	0.0	0.0	0.0	0.0	0.0	0.0	0.0	0.0	0.0	0.0	2023-05-26-18:49:36.127961
0.55	6	3d	0.0	0.0	0.0	0.0	0.0	0.0	0.0	0.0	0.0	0.0	0.0	0.0	0.0	2023-05-26-18:53:02.312378
0.55	7	3d	0.0	0.0	0.0	0.0	0.0	0.0	0.0	0.0	0.0	0.0	0.0	0.0	0.0	2023-05-26-18:56:25.199564
0.55	8	3d	0.0	0.0	0.0	0.0	0.0	0.0	0.0	0.0	0.0	0.0	0.0	0.0	0.0	2023-05-26-18:59:51.002694
0.55	9	3d	0.0	0.0	0.0	0.0	0.0	0.0	0.0	0.0	0.0	0.0	0.0	0.0	0.0	2023-05-26-19:03:16.415724
0.6000000000000001	0	3d	0.0	0.0	0.0	0.0	0.0	0.0	0.0	0.0	0.0	0.0	0.0	0.0	0.0	2023-05-26-19:06:41.545631
0.6000000000000001	1	3d	0.0	0.0	0.0	0.0	0.0	0.0	0.0	0.0	0.0	0.0	0.0	0.0	0.0	2023-05-26-19:10:10.413276
0.6000000000000001	2	3d	0.0	0.0	0.0	0.0	0.0	0.0	0.0	0.0	0.0	0.0	0.0	0.0	0.0	2023-05-26-19:13:36.856385
0.6000000000000001	3	3d	0.0	0.0	0.0	0.0	0.0	0.0	0.0	0.0	0.0	0.0	0.0	0.0	0.0	2023-05-26-19:17:02.741228
0.6000000000000001	4	3d	0.0	0.0	0.0	0.0	0.0	0.0	0.0	0.0	0.0	0.0	0.0	0.0	0.0	2023-05-26-19:20:27.059782
0.6000000000000001	5	3d	0.0	0.0	0.0	0.0	0.0	0.0	0.0	0.0	0.0	0.0	0.0	0.0	0.0	2023-05-26-19:23:53.650646
0.6000000000000001	6	3d	0.0	0.0	0.0	0.0	0.0	0.0	0.0	0.0	0.0	0.0	0.0	0.0	0.0	2023-05-26-19:27:18.439702
0.6000000000000001	7	3d	0.0	0.0	0.0	0.0	0.0	0.0	0.0	0.0	0.0	0.0	0.0	0.0	0.0	2023-05-26-19:30:47.686703
0.6000000000000001	8	3d	0.0	0.0	0.0	0.0	0.0	0.0	0.0	0.0	0.0	0.0	0.0	0.0	0.0	2023-05-26-19:34:16.592773
0.6000000000000001	9	3d	0.0	0.0	0.0	0.0	0.0	0.0	0.0	0.0	0.0	0.0	0.0	0.0	0.0	2023-05-26-19:37:44.283072
0.65	0	3d	0.0	0.0	0.0	0.0	0.0	0.0	0.0	0.0	0.0	0.0	0.0	0.0	0.0	2023-05-26-19:41:13.246954
0.65	1	3d	0.0	0.0	0.0	0.0	0.0	0.0	0.0	0.0	0.0	0.0	0.0	0.0	0.0	2023-05-26-19:44:40.140022
0.65	2	3d	0.0	0.0	0.0	0.0	0.0	0.0	0.0	0.0	0.0	0.0	0.0	0.0	0.0	2023-05-26-19:48:10.757953
0.65	3	3d	0.0	0.0	0.0	0.0	0.0	0.0	0.0	0.0	0.0	0.0	0.0	0.0	0.0	2023-05-26-19:51:37.248986
0.65	4	3d	0.0	0.0	0.0	0.0	0.0	0.0	0.0	0.0	0.0	0.0	0.0	0.0	0.0	2023-05-26-19:55:06.118978
0.65	5	3d	0.0	0.0	0.0	0.0	0.0	0.0	0.0	0.0	0.0	0.0	0.0	0.0	0.0	2023-05-26-19:58:34.017032
0.65	6	3d	0.0	0.0	0.0	0.0	0.0	0.0	0.0	0.0	0.0	0.0	0.0	0.0	0.0	2023-05-26-20:02:00.318237
0.65	7	3d	0.0	0.0	0.0	0.0	0.0	0.0	0.0	0.0	0.0	0.0	0.0	0.0	0.0	2023-05-26-20:05:27.051189
0.65	8	3d	0.0	0.0	0.0	0.0	0.0	0.0	0.0	0.0	0.0	0.0	0.0	0.0	0.0	2023-05-26-20:08:57.725218
0.65	9	3d	0.0	0.0	0.0	0.0	0.0	0.0	0.0	0.0	0.0	0.0	0.0	0.0	0.0	2023-05-26-20:12:23.870199
0.7000000000000001	0	3d	0.0	0.0	0.0	0.0	0.0	0.0	0.0	0.0	0.0	0.0	0.0	0.0	0.0	2023-05-26-20:15:51.236961
0.7000000000000001	1	3d	0.0	0.0	0.0	0.0	0.0	0.0	0.0	0.0	0.0	0.0	0.0	0.0	0.0	2023-05-26-20:19:19.962110
0.7000000000000001	2	3d	0.0	0.0	0.0	0.0	0.0	0.0	0.0	0.0	0.0	0.0	0.0	0.0	0.0	2023-05-26-20:22:48.829893
0.7000000000000001	3	3d	0.0	0.0	0.0	0.0	0.0	0.0	0.0	0.0	0.0	0.0	0.0	0.0	0.0	2023-05-26-20:26:15.341747
0.7000000000000001	4	3d	0.0	0.0	0.0	0.0	0.0	0.0	0.0	0.0	0.0	0.0	0.0	0.0	0.0	2023-05-26-20:29:42.055579
0.7000000000000001	5	3d	0.0	0.0	0.0	0.0	0.0	0.0	0.0	0.0	0.0	0.0	0.0	0.0	0.0	2023-05-26-20:33:11.369321
0.7000000000000001	6	3d	0.0	0.0	0.0	0.0	0.0	0.0	0.0	0.0	0.0	0.0	0.0	0.0	0.0	2023-05-26-20:36:40.497648
0.7000000000000001	7	3d	0.0	0.0	0.0	0.0	0.0	0.0	0.0	0.0	0.0	0.0	0.0	0.0	0.0	2023-05-26-20:40:09.199443
0.7000000000000001	8	3d	0.0	0.0	0.0	0.0	0.0	0.0	0.0	0.0	0.0	0.0	0.0	0.0	0.0	2023-05-26-20:43:44.843670
0.7000000000000001	9	3d	0.0	0.0	0.0	0.0	0.0	0.0	0.0	0.0	0.0	0.0	0.0	0.0	0.0	2023-05-26-20:47:06.940650
0.75	0	3d	0.0	0.0	0.0	0.0	0.0	0.0	0.0	0.0	0.0	0.0	0.0	0.0	0.0	2023-05-26-20:50:30.582749
0.75	1	3d	0.0	0.0	0.0	0.0	0.0	0.0	0.0	0.0	0.0	0.0	0.0	0.0	0.0	2023-05-26-20:53:54.668938
0.75	2	3d	0.0	0.0	0.0	0.0	0.0	0.0	0.0	0.0	0.0	0.0	0.0	0.0	0.0	2023-05-26-20:57:23.131404
0.75	3	3d	0.0	0.0	0.0	0.0	0.0	0.0	0.0	0.0	0.0	0.0	0.0	0.0	0.0	2023-05-26-21:00:49.045670
0.75	4	3d	0.0	0.0	0.0	0.0	0.0	0.0	0.0	0.0	0.0	0.0	0.0	0.0	0.0	2023-05-26-21:04:17.775955
0.75	5	3d	0.0	0.0	0.0	0.0	0.0	0.0	0.0	0.0	0.0	0.0	0.0	0.0	0.0	2023-05-26-21:07:46.444479
0.75	6	3d	0.0	0.0	0.0	0.0	0.0	0.0	0.0	0.0	0.0	0.0	0.0	0.0	0.0	2023-05-26-21:11:12.130071
0.75	7	3d	0.0	0.0	0.0	0.0	0.0	0.0	0.0	0.0	0.0	0.0	0.0	0.0	0.0	2023-05-26-21:14:41.206512
0.75	8	3d	0.0	0.0	0.0	0.0	0.0	0.0	0.0	0.0	0.0	0.0	0.0	0.0	0.0	2023-05-26-21:18:05.313608
0.75	9	3d	0.0	0.0	0.0	0.0	0.0	0.0	0.0	0.0	0.0	0.0	0.0	0.0	0.0	2023-05-26-21:21:31.304500
0.8	0	3d	0.0	0.0	0.0	0.0	0.0	0.0	0.0	0.0	0.0	0.0	0.0	0.0	0.0	2023-05-26-21:24:56.784763
0.8	1	3d	0.0	0.0	0.0	0.0	0.0	0.0	0.0	0.0	0.0	0.0	0.0	0.0	0.0	2023-05-26-21:28:23.260110
0.8	2	3d	0.0	0.0	0.0	0.0	0.0	0.0	0.0	0.0	0.0	0.0	0.0	0.0	0.0	2023-05-26-21:31:50.692874
0.8	3	3d	0.0	0.0	0.0	0.0	0.0	0.0	0.0	0.0	0.0	0.0	0.0	0.0	0.0	2023-05-26-21:35:12.729215
0.8	4	3d	0.0	0.0	0.0	0.0	0.0	0.0	0.0	0.0	0.0	0.0	0.0	0.0	0.0	2023-05-26-21:38:37.536565
0.8	5	3d	0.0	0.0	0.0	0.0	0.0	0.0	0.0	0.0	0.0	0.0	0.0	0.0	0.0	2023-05-26-21:42:04.270113
0.8	6	3d	0.0	0.0	0.0	0.0	0.0	0.0	0.0	0.0	0.0	0.0	0.0	0.0	0.0	2023-05-26-21:45:28.791804
0.8	7	3d	0.0	0.0	0.0	0.0	0.0	0.0	0.0	0.0	0.0	0.0	0.0	0.0	0.0	2023-05-26-21:48:54.578831
0.8	8	3d	0.0	0.0	0.0	0.0	0.0	0.0	0.0	0.0	0.0	0.0	0.0	0.0	0.0	2023-05-26-21:52:20.727225
0.8	9	3d	0.0	0.0	0.0	0.0	0.0	0.0	0.0	0.0	0.0	0.0	0.0	0.0	0.0	2023-05-26-21:55:44.067962
0.8500000000000001	0	3d	0.0	0.0	0.0	0.0	0.0	0.0	0.0	0.0	0.0	0.0	0.0	0.0	0.0	2023-05-26-21:59:05.985986
0.8500000000000001	1	3d	0.0	0.0	0.0	0.0	0.0	0.0	0.0	0.0	0.0	0.0	0.0	0.0	0.0	2023-05-26-22:02:30.583104
0.8500000000000001	2	3d	0.0	0.0	0.0	0.0	0.0	0.0	0.0	0.0	0.0	0.0	0.0	0.0	0.0	2023-05-26-22:05:53.773664
0.8500000000000001	3	3d	0.0	0.0	0.0	0.0	0.0	0.0	0.0	0.0	0.0	0.0	0.0	0.0	0.0	2023-05-26-22:09:19.352338
0.8500000000000001	4	3d	0.0	0.0	0.0	0.0	0.0	0.0	0.0	0.0	0.0	0.0	0.0	0.0	0.0	2023-05-26-22:12:44.691274
0.8500000000000001	5	3d	0.0	0.0	0.0	0.0	0.0	0.0	0.0	0.0	0.0	0.0	0.0	0.0	0.0	2023-05-26-22:16:10.091780
0.8500000000000001	6	3d	0.0	0.0	0.0	0.0	0.0	0.0	0.0	0.0	0.0	0.0	0.0	0.0	0.0	2023-05-26-22:19:42.174152
0.8500000000000001	7	3d	0.0	0.0	0.0	0.0	0.0	0.0	0.0	0.0	0.0	0.0	0.0	0.0	0.0	2023-05-26-22:23:05.752961
0.8500000000000001	8	3d	0.0	0.0	0.0	0.0	0.0	0.0	0.0	0.0	0.0	0.0	0.0	0.0	0.0	2023-05-26-22:26:32.723992
0.8500000000000001	9	3d	0.0	0.0	0.0	0.0	0.0	0.0	0.0	0.0	0.0	0.0	0.0	0.0	0.0	2023-05-26-22:29:57.554456
0.9	0	3d	0.0	0.0	0.0	0.0	0.0	0.0	0.0	0.0	0.0	0.0	0.0	0.0	0.0	2023-05-26-22:33:20.543398
0.9	1	3d	0.0	0.0	0.0	0.0	0.0	0.0	0.0	0.0	0.0	0.0	0.0	0.0	0.0	2023-05-26-22:36:47.092178
0.9	2	3d	0.0	0.0	0.0	0.0	0.0	0.0	0.0	0.0	0.0	0.0	0.0	0.0	0.0	2023-05-26-22:40:15.740099
0.9	3	3d	0.0	0.0	0.0	0.0	0.0	0.0	0.0	0.0	0.0	0.0	0.0	0.0	0.0	2023-05-26-22:43:41.002757
0.9	4	3d	0.0	0.0	0.0	0.0	0.0	0.0	0.0	0.0	0.0	0.0	0.0	0.0	0.0	2023-05-26-22:47:06.890482
0.9	5	3d	0.0	0.0	0.0	0.0	0.0	0.0	0.0	0.0	0.0	0.0	0.0	0.0	0.0	2023-05-26-22:50:31.522997
0.9	6	3d	0.0	0.0	0.0	0.0	0.0	0.0	0.0	0.0	0.0	0.0	0.0	0.0	0.0	2023-05-26-22:54:08.786564
0.9	7	3d	0.0	0.0	0.0	0.0	0.0	0.0	0.0	0.0	0.0	0.0	0.0	0.0	0.0	2023-05-26-22:59:52.328836
0.9	8	3d	0.0	0.0	0.0	0.0	0.0	0.0	0.0	0.0	0.0	0.0	0.0	0.0	0.0	2023-05-26-23:03:37.893182
0.9	9	3d	0.0	0.0	0.0	0.0	0.0	0.0	0.0	0.0	0.0	0.0	0.0	0.0	0.0	2023-05-26-23:07:01.793677
0.9500000000000001	0	3d	0.0	0.0	0.0	0.0	0.0	0.0	0.0	0.0	0.0	0.0	0.0	0.0	0.0	2023-05-26-23:10:27.474611
0.9500000000000001	1	3d	0.0	0.0	0.0	0.0	0.0	0.0	0.0	0.0	0.0	0.0	0.0	0.0	0.0	2023-05-26-23:13:52.697844
0.9500000000000001	2	3d	0.0	0.0	0.0	0.0	0.0	0.0	0.0	0.0	0.0	0.0	0.0	0.0	0.0	2023-05-26-23:17:18.829001
0.9500000000000001	3	3d	0.0	0.0	0.0	0.0	0.0	0.0	0.0	0.0	0.0	0.0	0.0	0.0	0.0	2023-05-26-23:20:43.031760
0.9500000000000001	4	3d	0.0	0.0	0.0	0.0	0.0	0.0	0.0	0.0	0.0	0.0	0.0	0.0	0.0	2023-05-26-23:24:11.593470
0.9500000000000001	5	3d	0.0	0.0	0.0	0.0	0.0	0.0	0.0	0.0	0.0	0.0	0.0	0.0	0.0	2023-05-26-23:27:50.881892
0.9500000000000001	6	3d	0.0	0.0	0.0	0.0	0.0	0.0	0.0	0.0	0.0	0.0	0.0	0.0	0.0	2023-05-26-23:40:45.416665
0.9500000000000001	7	3d	0.0	0.0	0.0	0.0	0.0	0.0	0.0	0.0	0.0	0.0	0.0	0.0	0.0	2023-05-26-23:44:14.212924
0.9500000000000001	8	3d	0.0	0.0	0.0	0.0	0.0	0.0	0.0	0.0	0.0	0.0	0.0	0.0	0.0	2023-05-26-23:48:06.715325
0.9500000000000001	9	3d	0.0	0.0	0.0	0.0	0.0	0.0	0.0	0.0	0.0	0.0	0.0	0.0	0.0	2023-05-26-23:53:55.801304
1	1	3d	0.0	0.0	0.0	0.0	0.0	0.0	0.0	0.0	0.0	0.0	0.0	0.0	0.0	2023-05-26-23:56:09.892720
1.0	0	3d	0.0	0.0	0.0	0.0	0.0	0.0	0.0	0.0	0.0	0.0	0.0	0.0	0.0	2023-05-26-23:57:33.763967
1.0	1	3d	0.0	0.0	0.0	0.0	0.0	0.0	0.0	0.0	0.0	0.0	0.0	0.0	0.0	2023-05-27-00:00:58.903939
1.0	2	3d	0.0	0.0	0.0	0.0	0.0	0.0	0.0	0.0	0.0	0.0	0.0	0.0	0.0	2023-05-27-00:04:22.976866
1.0	3	3d	0.0	0.0	0.0	0.0	0.0	0.0	0.0	0.0	0.0	0.0	0.0	0.0	0.0	2023-05-27-00:07:47.839216
1.0	4	3d	0.0	0.0	0.0	0.0	0.0	0.0	0.0	0.0	0.0	0.0	0.0	0.0	0.0	2023-05-27-00:11:17.712121
1.0	5	3d	0.0	0.0	0.0	0.0	0.0	0.0	0.0	0.0	0.0	0.0	0.0	0.0	0.0	2023-05-27-00:14:48.578070
1.0	6	3d	0.0	0.0	0.0	0.0	0.0	0.0	0.0	0.0	0.0	0.0	0.0	0.0	0.0	2023-05-27-00:18:15.606804
1.0	7	3d	0.0	0.0	0.0	0.0	0.0	0.0	0.0	0.0	0.0	0.0	0.0	0.0	0.0	2023-05-27-00:21:41.989625
1.0	8	3d	0.0	0.0	0.0	0.0	0.0	0.0	0.0	0.0	0.0	0.0	0.0	0.0	0.0	2023-05-27-00:25:08.822290
1.0	9	3d	0.0	0.0	0.0	0.0	0.0	0.0	0.0	0.0	0.0	0.0	0.0	0.0	0.0	2023-05-27-00:28:35.279038
0.2	1	3d	0.0	0.0	0.0	0.0	0.0	0.0	0.0	0.0	0.0	0.0	0.0	0.0	0.0	2023-05-27-00:47:13.082534
0.2	2	3d	0.0	0.0	0.0	0.0	0.0	0.0	0.0	0.0	0.0	0.0	0.0	0.0	0.0	2023-05-27-00:51:15.306353
0.2	3	3d	0.0	0.0	0.0	0.0	0.0	0.0	0.0	0.0	0.0	0.0	0.0	0.0	0.0	2023-05-27-00:55:29.225764
