1e-31	1	3d	89.67943235773082	78.83357546302558	75.98417648667476	54.42399521632113	47.05747067686669	42.25346525372339	82.24473981759547	64.33811496507376	60.5006893695454	75.44938913054914	63.409720368322006	59.57944370331452	66.14618440072856	2023-05-28-01:26:23.927612	0.11	0.11
1e-31	2	3d	89.67943235773082	78.83357546302558	75.98417648667476	54.42399521632113	47.05747067686669	42.25346525372339	82.24473981759547	64.33811496507376	60.5006893695454	75.44938913054914	63.409720368322006	59.57944370331452	66.14618440072856	2023-05-28-01:30:34.152808	0.43361760376205927	0.6762595947537264
1e-31	3	3d	89.67943235773082	78.83357546302558	75.98417648667476	54.42399521632113	47.05747067686669	42.25346525372339	82.24473981759547	64.33811496507376	60.5006893695454	75.44938913054914	63.409720368322006	59.57944370331452	66.14618440072856	2023-05-28-01:34:40.962534	0.10009149985387591	0.3418660581054718
1e-31	4	3d	89.67943235773082	78.83357546302558	75.98417648667476	54.42399521632113	47.05747067686669	42.25346525372339	82.24473981759547	64.33811496507376	60.5006893695454	75.44938913054914	63.409720368322006	59.57944370331452	66.14618440072856	2023-05-28-01:38:48.741414	0.21740471265369044	0.17387087581503824
1e-31	5	3d	89.67943235773082	78.83357546302558	75.98417648667476	54.42399521632113	47.05747067686669	42.25346525372339	82.24473981759547	64.33811496507376	60.5006893695454	75.44938913054914	63.409720368322006	59.57944370331452	66.14618440072856	2023-05-28-01:43:01.907929	0.8977956146162559	0.8951227118886144
1e-31	6	3d	89.67943235773082	78.83357546302558	75.98417648667476	54.42399521632113	47.05747067686669	42.25346525372339	82.24473981759547	64.33811496507376	60.5006893695454	75.44938913054914	63.409720368322006	59.57944370331452	66.14618440072856	2023-05-28-01:47:17.360885	0.8929159197203573	0.8994794418627964
1e-31	7	3d	89.67943235773082	78.83357546302558	75.98417648667476	54.42399521632113	47.05747067686669	42.25346525372339	82.24473981759547	64.33811496507376	60.5006893695454	75.44938913054914	63.409720368322006	59.57944370331452	66.14618440072856	2023-05-28-01:51:23.746400	0.8966122589401804	0.1034738833119115
1e-31	8	3d	89.67943235773082	78.83357546302558	75.98417648667476	54.42399521632113	47.05747067686669	42.25346525372339	82.24473981759547	64.33811496507376	60.5006893695454	75.44938913054914	63.409720368322006	59.57944370331452	66.14618440072856	2023-05-28-01:55:29.822184	0.10393147570219262	0.8979615962039557
1e-31	9	3d	89.67943235773082	78.83357546302558	75.98417648667476	54.42399521632113	47.05747067686669	42.25346525372339	82.24473981759547	64.33811496507376	60.5006893695454	75.44938913054914	63.409720368322006	59.57944370331452	66.14618440072856	2023-05-28-01:59:41.996509	0.8992406617387799	0.10737545045731096
1e-31	10	3d	89.67943235773082	78.83357546302558	75.98417648667476	54.42399521632113	47.05747067686669	42.25346525372339	82.24473981759547	64.33811496507376	60.5006893695454	75.44938913054914	63.409720368322006	59.57944370331452	66.14618440072856	2023-05-28-02:03:54.596324	0.897606316407421	0.8978485312272388
1e-31	11	3d	89.67943235773082	78.83357546302558	75.98417648667476	54.42399521632113	47.05747067686669	42.25346525372339	82.24473981759547	64.33811496507376	60.5006893695454	75.44938913054914	63.409720368322006	59.57944370331452	66.14618440072856	2023-05-28-02:08:04.560943	0.10581967540763718	0.1056933444324487
1e-31	12	3d	89.67943235773082	78.83357546302558	75.98417648667476	54.42399521632113	47.05747067686669	42.25346525372339	82.24473981759547	64.33811496507376	60.5006893695454	75.44938913054914	63.409720368322006	59.57944370331452	66.14618440072856	2023-05-28-02:12:15.769983	0.10681200398062557	0.896221566810933
1e-31	13	3d	89.67943235773082	78.83357546302558	75.98417648667476	54.42399521632113	47.05747067686669	42.25346525372339	82.24473981759547	64.33811496507376	60.5006893695454	75.44938913054914	63.409720368322006	59.57944370331452	66.14618440072856	2023-05-28-02:16:25.139234	0.887036494322834	0.10594824279842063
1e-31	14	3d	89.67943235773082	78.83357546302558	75.98417648667476	54.42399521632113	47.05747067686669	42.25346525372339	82.24473981759547	64.33811496507376	60.5006893695454	75.44938913054914	63.409720368322006	59.57944370331452	66.14618440072856	2023-05-28-02:20:40.112527	0.10824727652720725	0.897148573095679
0.05	1	3d	88.2221149072112	76.74818041626588	73.71126901219142	47.40147328571534	41.11864801609516	36.931716439774824	83.24394473564881	65.02626861361114	61.21307545245101	72.95584430952512	60.96436568199073	57.285353634805745	63.73518787544054	2023-05-28-02:24:50.027893	0.11	0.11
0.05	2	3d	88.2738807089585	78.15001612992432	75.15660348230686	51.38672916648213	44.84326261314702	40.028579036399094	72.1896328980349	55.624912642095026	52.57395142541609	70.61674759115851	59.53939712838879	55.91971131470735	62.02528534475155	2023-05-28-02:28:58.333291	0.43361760376205927	0.6762595947537264
0.05	3	3d	87.29527589465195	76.00134118092586	73.22812287757094	52.091787772277385	44.97397149510348	40.32780436827978	76.31744974352893	60.45552036270926	56.91060400141045	71.90150447015276	60.4769443462462	56.82217708242039	63.066875299606444	2023-05-28-02:33:07.474136	0.10009149985387591	0.3418660581054718
0.05	4	3d	87.79045569280454	76.23306865664242	73.21128214603101	54.44442929796816	47.00551470077812	42.292115294223784	82.34812854465451	62.16991831692818	58.693381709808655	74.86100451180907	61.80283389144957	58.06559305002114	64.9098104844266	2023-05-28-02:37:17.941591	0.21740471265369044	0.17387087581503824
0.05	5	3d	88.29463989698901	78.34817156605345	75.44087976655128	55.11054456715401	47.33145147179022	42.441641459275615	83.3876409325508	64.46456974090864	61.045777336118576	75.5976084655646	63.38139759291744	59.642766187315154	66.20725741526573	2023-05-28-02:41:27.601320	0.2751142685031946	0.11750702238247179
0.05	6	3d	88.12559473266275	76.3309173245836	73.4592956161526	52.52791245357768	45.160838951100175	40.584618931511876	82.95382176671178	64.31133676359246	60.4782339143638	74.53577631765074	61.93436434642541	58.17404948734276	64.88139671713964	2023-05-28-02:45:36.236310	0.41758219799437846	0.1
0.05	7	3d	88.8032763855797	78.68328087643296	75.83388472185037	52.64347417225288	45.78165932959742	41.07850229559736	82.84512852795146	61.764805599083125	58.37554819353114	74.76395969526133	62.07658193503784	58.42931173699296	65.0899511224307	2023-05-28-02:49:44.645078	0.21944537053898366	0.6030494112022101
0.05	8	3d	85.32267006489597	74.94344938845379	72.0869833759449	45.51444275335891	38.889550974013005	34.093731663214136	76.2344846505364	60.08423786296223	56.52474605221405	69.02386582293042	57.97241274180968	54.23515369712436	60.41047742062148	2023-05-28-02:53:57.480169	0.33221744055361174	0.1870029106234298
0.05	9	3d	88.16409544617689	78.1350809134018	73.80767134738946	54.67483272793563	47.66386151003467	43.06362214875031	75.43483538512302	59.60237846533105	56.51779715100707	72.75792118641185	61.800440296255836	57.79636354904895	64.11824167723888	2023-05-28-02:58:05.632434	0.4165019297278091	0.22916653748369634
0.05	10	3d	87.31304587912294	76.293425712181	73.32766510164822	50.227300060818315	44.07985179890842	39.14656452033566	82.31195381008283	63.220798385119714	59.82508375166967	73.28409991667469	61.19802529873638	57.43310445788452	63.97174322443186	2023-05-28-03:02:16.963962	0.810157624845207	0.45776019969037673
0.05	11	3d	87.2159199759546	76.08515974352775	73.18801667859753	55.92059559205238	47.90094724030497	42.8349416315365	81.17989703784654	63.91586043843205	60.18386794982031	74.77213753528451	62.63398914075492	58.735608753318125	65.38057847645251	2023-05-28-03:06:27.927024	0.26976896867577294	0.11722424911452248
0.05	12	3d	85.80260479549317	75.26113484004438	72.58816070432769	52.78344795812181	45.779482484078436	41.00791097220263	77.60731254745224	60.17501213807783	57.11866616638288	72.06445510035574	60.405209820733546	56.90491261430441	63.124859178464554	2023-05-28-03:10:39.210861	0.2864872034497997	0.11006637534563946
0.05	13	3d	89.32901720304557	78.5318273042844	75.40235634903102	54.136356065046684	46.33698912104527	41.42307462374373	76.59402102823907	60.40267004990512	56.948503719548086	73.35313143211044	61.757162158411596	57.92464489744094	64.34497949598766	2023-05-28-03:14:52.313455	0.5425610490324486	0.6616385595625556
0.05	14	3d	90.25158614148259	78.85000141206642	75.83577014017773	51.30722107047949	44.40471648977978	39.776215536124504	79.67051829402735	62.215807930033186	58.56431904513049	73.74310850199647	61.823508610626455	58.05876824047757	64.54179511770016	2023-05-28-03:19:06.856250	0.21875587582652828	0.4253469459553838
0.1	1	3d	87.17840818023875	75.72183561426806	72.74468118564126	46.17999735298724	39.48853058849437	35.21457760431236	60.72476395789683	47.723210341250386	44.854777517678784	64.69438983037428	54.31119218133761	50.93801210254414	56.647864704752	2023-05-28-03:23:16.106384	0.11	0.11
0.1	2	3d	68.38567924932445	59.099205502109506	55.27021322043927	50.19049945847309	44.10946295386972	39.7709906192762	81.84146184978441	62.7738696843681	58.989575022404715	66.80588018586064	55.3275127134491	51.343592954040055	57.825661951116594	2023-05-28-03:27:23.808621	0.43361760376205927	0.6762595947537264
0.1	3	3d	82.5640161842923	70.98385153598224	68.03853096514455	24.687123524029108	22.047443694246724	19.259206978592864	78.4352667876428	60.641488546925956	57.50927577549795	61.89546883198807	51.22426125905164	48.269004573078455	53.79624488803939	2023-05-28-03:31:34.534737	0.10009149985387591	0.3418660581054718
0.1	4	3d	88.19642634275682	76.260157790932	73.30361549389089	53.69687074200877	46.42715348909747	41.765151141160025	73.20289863528069	56.932448727885586	53.95996633173347	71.6987319066821	59.873253335971675	56.34291098892813	62.63829874386064	2023-05-28-03:35:45.498889	0.21740471265369044	0.17387087581503824
0.1	5	3d	87.56433065068089	76.15451570899829	73.24800755945017	53.16683783380596	46.00317977925168	41.39712866329799	77.48068058225128	60.01958163353913	56.57577912813544	72.73728302224605	60.725759040596365	57.07363845029454	63.51222683771232	2023-05-28-03:39:55.386356	0.18702105181020734	0.395103335978748
0.1	6	3d	87.09525146497856	75.29720147178794	70.62483495832257	43.35421421796759	36.39236766515379	31.656507084845316	75.53907363529947	56.000342845773766	52.35045503980235	68.6628464394152	55.89663732757183	51.54393236099008	58.701138709325704	2023-05-28-03:44:08.210951	0.7640015263098537	0.6281103337270014
0.1	7	3d	86.92786642118028	75.93202655527884	73.25335325652958	52.842946385560744	45.33061286339623	40.63060888272283	70.17248526183243	54.6689614264845	51.93124721567561	69.98109935619115	58.64386694838652	55.271736451642674	61.29890091874011	2023-05-28-03:48:21.005200	0.21944537053898366	0.6030494112022101
0.1	8	3d	86.42228191931636	73.50011811389146	70.54687859861554	48.830746725550554	41.85025265120844	37.39754315125868	75.3312288261708	59.84839522566514	56.554501553385464	70.19475249034589	58.399588663588354	54.832974434419896	61.14243852945137	2023-05-28-03:52:34.248526	0.16885767842488264	0.706953070050052
0.1	9	3d	88.24008586340113	77.68471851848233	73.84826498810642	32.43387969200114	27.302871509903685	24.034971489586926	69.03421401981755	52.770582004453225	49.88505764555747	63.23605985840661	52.586057344279745	49.25609804108361	55.026071747923325	2023-05-28-03:56:45.598152	0.4165019297278091	0.22916653748369634
0.1	10	3d	90.03063339668486	76.60372111280182	73.53583387863615	48.62436773963441	42.70315250393518	38.068703404003344	70.80062152543543	55.689804239943555	52.353689258194414	69.81854088725157	58.33222595222685	54.652742180277976	60.93450300658546	2023-05-28-04:00:58.816122	0.810157624845207	0.45776019969037673
0.1	11	3d	85.86132478818807	74.54287191352046	71.35191506346389	52.60749936263333	45.76679094055713	40.9778906767809	79.73623184937917	61.17894328744388	57.57029774099076	72.73501866673352	60.496202047173824	56.63336782707852	63.28819618032862	2023-05-28-04:05:12.871100	0.44583533519272256	0.3816156967890685
0.1	12	3d	78.05330278059974	65.56575727977561	62.241995426644124	31.349099395890278	26.466531233660756	23.314823425213472	76.8383373875285	58.666154479018154	54.76745251758403	62.0802465213395	50.23281433081817	46.77475712314722	53.02927265843496	2023-05-28-04:09:27.611831	0.5879196093250615	0.4143005571775298
0.1	13	3d	88.17151905272127	77.58176763680295	73.53993515684381	49.2184859437339	42.60544531525074	37.45539102595861	78.77766166247977	59.875803356842525	56.14525949237089	72.05588888631165	60.02100543629874	55.7135285583911	62.596807627000494	2023-05-28-04:13:40.823216	0.5425610490324486	0.6616385595625556
0.1	14	3d	82.68072354497434	68.67143288135978	65.69643860465423	47.80498155370438	41.722175468311775	37.09020787425453	70.85765262660149	48.93595181830431	46.01253239882646	67.11445257509341	53.10985338932529	49.5997262925784	56.60801075233237	2023-05-28-04:17:52.690551	0.21875587582652828	0.4253469459553838
0.15000000000000002	1	3d	85.59523353186889	72.52986298405808	69.61466721706603	40.29664970875995	35.23166489386249	31.409485579641878	77.94993255445932	56.803114216145076	53.59116411379918	67.94727193169605	54.85488069802188	51.53843897016903	58.11353053329565	2023-05-28-04:22:06.244820	0.11	0.11
0.15000000000000002	2	3d	83.52133883745718	72.72078368091859	69.38095702764254	38.81543467029231	32.457373006757095	28.427384696303626	71.07167639849897	54.403619380566035	51.07056937617003	64.46948330208282	53.19392535608057	49.62630370003873	55.763237452734046	2023-05-28-04:26:22.270430	0.43361760376205927	0.6762595947537264
0.15000000000000002	3	3d	72.14764638712646	57.264763402798614	54.81327246700697	40.81270171132501	34.45403245463363	30.307284824887837	70.28808307834437	54.44884239577523	50.828886813091586	61.08281039226529	48.722546084402495	45.3164813683288	51.70727928166553	2023-05-28-04:30:35.554709	0.10009149985387591	0.3418660581054718
0.15000000000000002	4	3d	80.45499075739484	69.43956843686823	65.75921770610348	21.07968103293628	19.279989123854513	17.232682588619923	74.70963819929291	56.990425325589456	53.56988618747304	58.748103329874674	48.5699942954374	45.52059549406548	50.94623103979252	2023-05-28-04:34:48.305617	0.21740471265369044	0.17387087581503824
0.15000000000000002	5	3d	78.33157149406871	62.93548033953671	61.349210235439664	47.24134309253121	41.51675718964643	37.04378988765432	69.59353280935618	46.42990578553371	43.34030296547787	65.05548246531869	50.29404777157228	47.244434362857284	54.19798819991608	2023-05-28-04:39:03.521244	0.18702105181020734	0.395103335978748
0.15000000000000002	6	3d	82.47556338984528	71.39617939332948	68.50690351948347	29.381610688016423	25.909181514237616	23.090145214993342	68.31832730915363	45.877479815902745	43.1998671928408	60.05850046233845	47.72761357448994	44.93230530910588	50.90613978197809	2023-05-28-04:43:16.562203	0.7640015263098537	0.6281103337270014
0.15000000000000002	7	3d	85.83665527323232	74.2395201607068	69.68755136980509	47.9542110166913	41.46972054525435	36.82156051167855	65.61122020705768	42.96262685005017	40.45200302745727	66.46736216566045	52.89062251867043	48.9870383029803	56.11500766243707	2023-05-28-04:47:30.285870	0.21944537053898366	0.6030494112022101
0.15000000000000002	8	3d	83.57903663376717	69.80774856578076	67.06985596086977	44.86335560334661	39.09391137618131	34.83228920904394	72.2435791589292	51.154037744090516	47.687531056515965	66.89532379868099	53.351899228684196	49.86322540880989	56.703482812058354	2023-05-28-04:51:42.452295	0.16885767842488264	0.706953070050052
0.15000000000000002	9	3d	87.2202506744429	74.2475710058071	70.53724387358075	42.21739181160061	37.49225603750703	34.06314944811189	53.731058772184056	41.78716947723034	39.3489950801675	61.056233752742514	51.17566550684816	47.983129467286716	53.405009575625805	2023-05-28-04:55:54.927052	0.4165019297278091	0.22916653748369634
0.15000000000000002	10	3d	64.81048179577506	54.26525921445258	52.880743582455445	31.769612025499434	28.67114859198317	25.74567009652907	70.85049639107282	52.30336463820615	49.135095118839935	55.810196737449104	45.07992414821396	42.58716959927482	47.825763494979306	2023-05-28-05:00:07.865778	0.10376364688249887	0.12749497623249229
0.15000000000000002	11	3d	75.53015950710397	64.87468295415741	61.507869549272954	39.45238663397862	33.24920385131455	29.076017135714277	5.336139872256192	5.330796943216922	5.173966959706834	40.10622867111293	34.484894582896295	31.919284548231357	35.50346926741352	2023-05-28-05:04:20.436832	0.44583533519272256	0.3816156967890685
0.15000000000000002	12	3d	82.3850264192896	70.78315921742433	68.6934969434902	37.58255207039731	33.659928540257276	30.11488954726329	15.515188699563929	13.146703851656719	12.369259904020177	45.16092239641694	39.19659720311278	37.059215464924556	40.47224502148476	2023-05-28-05:08:31.456286	0.5879196093250615	0.4143005571775298
0.15000000000000002	13	3d	84.88859103204096	72.98921067441375	70.29531635795287	34.303474578216694	30.16481241851438	27.13363378926309	73.38158937119665	53.435727729828606	50.72077099780363	64.19121832715143	52.19658360758558	49.3832403816732	55.25701410547007	2023-05-28-05:12:46.344473	0.5425610490324486	0.6616385595625556
0.15000000000000002	14	3d	83.21658482377492	71.6082435875373	67.96838759847563	34.26806567178394	30.39340584851479	26.802813856370616	34.26375375001895	26.187296675595313	24.41645717479269	50.58280141519261	42.72964870388247	39.729219543212984	44.347223220762686	2023-05-28-05:17:01.317089	0.21875587582652828	0.4253469459553838
0.2	1	3d	40.707611249184275	35.20207081441988	34.89315502704219	35.176370397736285	32.05040650485185	28.803255190082886	33.03827179964362	21.728822606742742	20.13724533354529	36.3074178155214	29.66043330867149	27.94455185022346	31.304134324805446	2023-05-28-05:21:12.601949	0.11	0.11
0.2	2	3d	77.92148169564139	65.6971246390805	60.35494750909752	6.254337745218377	6.511618620117401	6.098960552484549	52.97146762299072	39.64111078930795	36.91318589811552	45.71576235461683	37.28328468283528	34.455697986565866	39.151581674672656	2023-05-28-05:25:22.365021	0.43361760376205927	0.6762595947537264
0.2	3	3d	57.420136314500404	46.0794623986566	43.12416680510626	30.04332393187835	28.131339493041818	26.019231410684817	67.27281438208338	48.066156330900824	45.18372694813932	51.578758209487376	40.75898607419975	38.10904172131013	43.48226200166576	2023-05-28-05:29:35.774531	0.10009149985387591	0.3418660581054718
0.2	4	3d	76.56122808294576	62.677164149258935	59.76575578820954	21.159679175903097	17.869540124116664	15.409052957688557	62.07263936192727	45.75026780452897	43.06130512232397	53.26451554025871	42.09899069263486	39.41203795607402	44.92518139632253	2023-05-28-05:33:51.345306	0.21740471265369044	0.17387087581503824
0.2	5	3d	65.2976379860716	55.08355600793842	54.44174869525271	35.81357595702267	31.18074721307331	28.19833266669527	63.171222615305645	43.18132207145972	40.80030609508184	54.76081218613331	43.14854176415715	41.14679581900994	46.35204992310013	2023-05-28-05:38:13.225191	0.18702105181020734	0.395103335978748
0.2	6	3d	45.4807368412682	36.62082252943199	34.331036826896266	22.63798016850061	21.62644216986825	20.059696202158662	63.74053850560249	43.41686670939516	40.40348741360934	43.95308517179043	33.888043802898466	31.59807348088809	36.47973415185899	2023-05-28-05:42:33.791048	0.7640015263098537	0.6281103337270014
0.2	7	3d	47.70081015803617	42.37616727608626	40.61468223070081	41.99785938070318	36.9668657599683	33.409932351265226	58.18190895205658	43.66630745338488	40.811849912271825	49.29352616359864	41.00311349647981	38.27882149807929	42.85848705271925	2023-05-28-05:46:48.383153	0.21944537053898366	0.6030494112022101
0.2	8	3d	62.737410201740865	54.94048847233751	53.05798902657288	40.028845611598676	32.927221153428434	28.664790744156114	59.25231334253668	40.12741563494523	37.422190309680744	54.0061897186254	42.66504175357039	39.71499002680325	45.46207383299968	2023-05-28-05:51:02.608896	0.15161887302484803	0.372941794832845
0.2	9	3d	81.62459452102638	68.10731062822849	63.78167671223388	38.44896407324948	33.72168194440589	30.502580471462558	70.70758163850341	47.63287920663578	44.37624177307689	63.59371341092642	49.82062392642339	46.22016631892444	53.21150121875809	2023-05-28-05:55:21.168700	0.4165019297278091	0.22916653748369634
0.2	10	3d	74.88172444336257	64.23387913764282	59.979407704025725	37.778213170353844	32.64402855707269	29.598568760968007	71.19101862868418	49.348307141400085	46.34571682554894	61.28365208080019	48.74207161203853	45.30789776351423	51.77787381878432	2023-05-28-05:59:33.504887	0.48175640937840003	0.1
0.2	11	3d	68.17677594359319	57.63913732871229	55.826757493165836	28.669222865049527	24.847408375210765	21.760990817103927	59.23161825975155	39.82832469782091	37.2704573313677	52.02587235613142	40.77162346724799	38.28606854721249	43.69452145686396	2023-05-28-06:03:50.634056	0.6416371441811337	0.2100888941308978
0.2	12	3d	67.37690698693723	56.052281938697	53.093933373101244	16.145286160586227	14.27775702813683	13.105099490215183	38.41959664095845	28.93729381833638	27.373207373068265	40.6472632628273	33.08911092839006	31.190746745461567	34.97570697889299	2023-05-28-06:08:07.467582	0.3678052709831477	0.12058694924363189
0.2	13	3d	64.699136227187	53.569765717500864	51.631143638177136	40.37879022262268	35.73455642561406	31.531463615047688	61.45102600200648	48.41093443833091	45.359975501944085	55.50965081727205	45.90508552714861	42.84086091838964	48.085199087603435	2023-05-28-06:12:29.547009	0.5425610490324486	0.6616385595625556
0.2	14	3d	80.42453654372375	67.47593023207516	63.441340782112356	39.790553660655036	36.14519732434431	33.11400064433294	13.447266308919223	11.367130276555388	10.900874580265581	44.554118837766	38.32941927765828	35.81873866890363	39.56742559477597	2023-05-28-06:16:44.463479	0.21875587582652828	0.4253469459553838
0.25	1	3d	50.21717908351129	38.61315237916704	36.20551906054204	13.459326670190789	10.502538894127476	8.957724945847536	12.320990326846074	7.663087321942149	7.2743572309675	25.332498693516055	18.926259531745554	17.47920041245236	20.579319545904653	2023-05-28-06:21:12.167220	0.11	0.11
0.25	2	3d	35.400857203448055	34.12702323267638	35.06225636908568	33.96335940826118	30.174480673081117	27.248290985138713	39.61167832922681	34.08729868457251	31.366803752755168	36.32529831364534	32.79626753011001	31.22578370232652	33.44911651536062	2023-05-28-06:25:29.253834	0.43361760376205927	0.6762595947537264
0.25	3	3d	58.82090070013947	48.452869045297874	47.153430519543036	31.91014823165037	28.340338693905657	26.146256214351926	45.37628927359608	28.26203338429667	26.725545072389412	45.369112735128645	35.018413707833396	33.34174393542812	37.90975679279673	2023-05-28-06:29:54.649360	0.10009149985387591	0.3418660581054718
0.25	4	3d	33.00164615854892	26.929247719062495	26.898942363130708	12.418551243199776	10.793212888830753	9.497325061841376	46.33435506840923	29.84949449650681	27.759607996993275	30.584850823385977	22.52398503480002	21.38529180732179	24.831375888502595	2023-05-28-06:34:15.098858	0.21740471265369044	0.17387087581503824
0.25	5	3d	66.03443016273837	56.00081687381188	52.940731542963036	10.019664762834068	8.703014204324573	7.454647754557425	53.666595776837134	34.07592976570666	32.20506246755463	43.240230234136526	32.926586947947705	30.866813921691698	35.67787703459197	2023-05-28-06:38:36.020411	0.1	0.4387216917996428
0.25	6	3d	68.93839747190428	56.98385998576874	53.290013333600584	40.93567188431352	33.849927922638194	30.3086671770877	71.43514161307014	48.302816576975324	45.19777720807787	60.43640365642932	46.37886816179409	42.93215257292206	49.91580813038181	2023-05-28-06:42:58.704416	0.2771743318448288	0.4235236749980975
0.25	7	3d	72.32488045629488	58.10528691910164	55.537454233072594	16.24355778281102	13.950579632367768	12.354090599150796	12.997132533714906	9.945385113108603	9.51945704071341	33.855190257606935	27.333750554859336	25.803667290978932	28.997536034481737	2023-05-28-06:47:19.254118	0.21944537053898366	0.6030494112022101
0.25	8	3d	46.24907403543772	38.46307775864274	37.359169101049815	1.214322820336018	1.1269019629727486	0.9064556493830801	23.157373486240754	15.417447169069614	14.507046319893782	23.5402567806715	18.3358089635617	17.59089035677556	19.822318700336254	2023-05-28-06:51:39.755385	0.3683655883031835	0.3970309007980928
0.25	9	3d	8.066034513241076	8.972113324354405	9.934465674606763	0.035673515981735154	0.013131976362442547	0.01435602953240361	54.57871944762754	35.431423302445545	33.179897382904876	20.893475825616786	14.80555620105413	14.376239695681349	16.691757240784092	2023-05-28-06:56:04.588701	0.4165019297278091	0.22916653748369634
0.25	10	3d	65.15613180120373	55.39146798802268	54.56523804794916	24.254120490914914	20.608857112245495	17.95996343304278	53.75194754028695	36.80372850206279	34.61959162976723	47.720733277468526	37.601351200776996	35.71493103691972	40.34567183838841	2023-05-28-07:00:25.049477	0.810157624845207	0.45776019969037673
0.25	11	3d	53.13141037896615	47.87024476514284	47.25551868518522	13.221148827864642	12.20607741908835	11.246290593884119	51.54580847825567	31.88728799773094	29.940087666913666	39.29945589502882	30.654536727320714	29.480632315327668	33.14487497922573	2023-05-28-07:04:49.617468	0.44583533519272256	0.3816156967890685
0.25	12	3d	32.039984012961106	25.374222033394684	23.84467242860929	34.21239939563245	29.51267951824234	27.287643871131635	57.832368756082694	40.055091352410656	37.40705331177292	41.361584054892084	31.647330968015893	29.51312320383795	34.17401274224864	2023-05-28-07:09:05.948072	0.5879196093250615	0.4143005571775298
0.25	13	3d	51.99485722442256	43.43589636313007	40.627905944106885	0.1965821334345288	0.18235787226212732	0.2075126104216433	2.5516336630009064	2.384190628224829	2.1756020518340753	18.247691006952667	15.334148287872344	14.337006868787535	15.97294872120418	2023-05-28-07:13:26.848356	0.5425610490324486	0.6616385595625556
0.25	14	3d	64.15550339236708	49.2171418308779	47.48671133373928	33.91232165787651	28.996111756298248	25.461805960527357	53.896691532664875	32.953181624409375	31.18464258069945	50.654838860969484	37.05547840386185	34.71105329165536	40.80712351882889	2023-05-28-07:17:46.358186	0.21875587582652828	0.4253469459553838
0.30000000000000004	1	3d	22.303311990266554	21.3627320151368	20.697368443672254	10.563056671590862	9.472274269795813	8.445701975144038	8.625687243728661	5.323612865452959	4.879812405936729	13.830685301862026	12.052873050128524	11.340960941584342	12.408173097858295	2023-05-28-07:22:10.908562	0.11	0.11
0.30000000000000004	2	3d	1.9821798798561336	1.5801333112164817	1.6062287501677743	10.993332153537088	9.634148704844945	8.527913770730336	1.0394888998639733	0.7562616317321134	0.7784935535290501	4.671666977752398	3.9901812159311802	3.6375453581423867	4.099797850608655	2023-05-28-07:26:32.866100	0.43361760376205927	0.6762595947537264
0.30000000000000004	3	3d	43.404177972448984	35.374943364747466	32.71123831864236	29.23105063425418	26.24622639540229	23.909711442839576	5.823257573486175	4.690092533212436	4.632352808222995	26.15282872672978	22.103754097787398	20.41776752323498	22.891450115917383	2023-05-28-07:30:56.782371	0.10009149985387591	0.3418660581054718
0.30000000000000004	4	3d	33.233648591015175	25.2375594149359	23.637810978952196	12.235035762297661	9.177784750972894	8.214603064216762	41.492820005252426	24.01365914445961	22.514565460239414	28.987168119521755	19.476334436789468	18.122326501136126	22.19527635248245	2023-05-28-07:35:20.998583	0.21740471265369044	0.17387087581503824
0.30000000000000004	5	3d	14.073529194769286	16.186883310701237	17.483840493521146	19.269311667606516	16.095734568563227	14.767801364377636	45.74140946382286	29.50318490427499	27.88618390973121	26.36141677539955	20.59526759451315	20.04594192254333	22.334208764152013	2023-05-28-07:39:51.310535	0.18702105181020734	0.395103335978748
0.30000000000000004	6	3d	9.284077291874091	8.49571120550324	7.421849044848558	19.21813103243708	16.07483770019628	14.394713790833361	27.406649638816482	17.351585899288253	16.593568212906323	18.63628598770922	13.974044934995923	12.80337701619608	15.137902646300407	2023-05-28-07:44:16.066972	0.38037429932945793	0.2450102024042453
0.30000000000000004	7	3d	51.75631456105037	38.153551625028655	35.05091206662904	21.01719119633288	15.608745089084374	14.048994433392762	52.812162548888985	34.31193709408792	32.323648705461586	41.861889435424075	29.35807793606698	27.14118506849446	32.787050813328506	2023-05-28-07:48:42.042611	0.21944537053898366	0.6030494112022101
0.30000000000000004	8	3d	64.63357328269464	49.56247047150779	46.65437804229615	10.7366292862997	8.941322498544203	8.29899265451327	51.75483934211505	33.30724512690707	31.13550490749035	42.3750139703698	30.603679365653022	28.696291868099923	33.89166173470758	2023-05-28-07:53:05.625890	0.20536052996102805	0.5546934955757904
0.30000000000000004	9	3d	20.222248391970936	20.39695980068626	18.871563099961016	0.006918819188191882	0.008048289738430582	0.008716642081265925	2.170345819107334	2.944174159190122	2.7067271783278555	7.466504343422154	7.783060749871605	7.195668973456712	7.481744688916823	2023-05-28-07:57:20.221378	0.4165019297278091	0.22916653748369634
0.30000000000000004	10	3d	42.29688028135349	37.402876036238816	34.86286215342831	0.06826590938483193	0.030984772864939742	0.012683785462828744	0.0016744809109176153	0.00048204386599180526	0.000542286278952062	14.122273557216412	12.478114284323249	11.625362741723363	12.741916861087674	2023-05-28-08:01:45.371450	0.12186422472169813	0.5949339004518198
0.30000000000000004	11	3d	49.55017723869414	38.63238281867586	35.948748855026366	12.987182236868295	12.146488931807738	10.883062732662449	33.37674801592942	21.54257559692693	20.119436046494897	31.971369163830616	24.10714911580351	22.317082544727906	26.131866941454007	2023-05-28-08:06:06.451997	0.2596287584172271	0.5594185061996668
0.30000000000000004	12	3d	45.98608560235782	36.68297743675114	32.988221934287935	4.404797011233281	2.7218258111228195	2.332085819031044	1.2413369876654075	1.1476712315488027	1.1726187143500262	17.210739867085504	13.517491493140922	12.164308822556336	14.29751339426092	2023-05-28-08:10:28.113654	0.20258628044502738	0.49595097328631277
0.30000000000000004	13	3d	44.37940244548762	37.63678064820203	36.5902683810507	0.032754785602804	0.02057272643047053	0.02255629257638684	1.9943260249902122	1.0904627130095468	1.0637418763703061	15.46882775202688	12.915938695880682	12.5588555166658	13.647873988191119	2023-05-28-08:14:45.824591	0.5425610490324486	0.6616385595625556
0.30000000000000004	14	3d	34.410120301397995	26.386081881437562	23.864228955532255	1.817186441413194	1.415646501692195	1.1503715441125042	35.494066597621455	19.590958616806624	18.152790796491665	23.907124446810883	15.797562333312127	14.389130432045475	18.031272404056164	2023-05-28-08:19:10.948148	0.21875587582652828	0.4253469459553838
0.35000000000000003	1	3d	10.552547405229728	10.798347939329531	11.104109570212858	4.6872093490390965	4.253835633063928	3.9014473372468466	34.18946650954632	20.306652751180433	18.995258010120363	16.47640775460505	11.786278774524632	11.333604972526688	13.198763833885458	2023-05-28-08:23:39.857565	0.11	0.11
0.35000000000000003	2	3d	10.242083273454828	8.501773754804432	8.364237061775539	1.2638414942752372	0.9834444292019764	0.9352460031943826	1.5929419026956275	0.7492008887890064	0.7960515875509361	4.366288890141898	3.4114730242651383	3.3651782175069527	3.714313377304662	2023-05-28-08:27:56.337937	0.43361760376205927	0.6762595947537264
0.35000000000000003	3	3d	0.4230483028116934	0.4897615648322501	0.6904963900077085	2.175367913917268	2.1322383493291053	1.9558636840390318	32.514053027704946	17.385889290285967	15.706017003254507	11.704156414811303	6.669296401482441	6.117459025767083	8.163637280686942	2023-05-28-08:32:19.126019	0.10009149985387591	0.3418660581054718
0.35000000000000003	4	3d	19.63879858961986	16.886130661880284	16.660887124932966	0.7665277152979479	0.7405846858301012	0.7161409275318511	15.157753209178043	11.293608136527098	10.966981530485265	11.854359838031948	9.640107828079161	9.448003194316692	10.314156953475937	2023-05-28-08:36:38.799053	0.21740471265369044	0.17387087581503824
0.35000000000000003	5	3d	18.731041026377834	15.124772083894369	14.438727629439901	0.2856499575013102	0.3758167456711111	0.41614622446511146	0.7079755204182232	0.5584521841339602	0.42984973197163995	6.5748888347657894	5.353013671233146	5.094907861958884	5.674270122652607	2023-05-28-08:40:55.846798	0.9	0.1
0.35000000000000003	6	3d	1.7411026935451732	1.9026210975618396	2.3471277966105637	6.638336747725882	6.059318897907757	5.760234735515638	4.651457035091224	2.014909625917892	2.051851667551517	4.343632158787426	3.325616540462496	3.386404733225907	3.6852178108252764	2023-05-28-08:45:14.855884	0.9	0.9
0.35000000000000003	7	3d	3.1494593809930844	2.467948792143087	3.0238798749177054	4.16506031526245	1.460950281602825	1.6070118526717962	1.1606567984407166	0.46740400337366894	0.48578332620070086	2.8250588315654173	1.4654343590398602	1.7055583512634007	1.9986838472895592	2023-05-28-08:49:41.238192	0.21944537053898366	0.6030494112022101
0.35000000000000003	8	3d	4.412634097499796	4.72825014845322	5.347786958344802	4.692420637984461	4.6381077421524	4.496553560296423	0.41286542587498193	0.22339320437900897	0.23833126433820281	3.172640053786413	3.19658369832821	3.360890594326476	3.2433714488136993	2023-05-28-08:54:08.917565	0.12073965140152493	0.10145448484983498
0.35000000000000003	9	3d	26.622980249020458	24.17290477073918	24.459813120659316	8.712246187847926	7.99550226204937	7.184070153609837	7.008199920105415	4.4167293311929	4.181395366787082	14.114475452324598	12.195045454660482	11.941759547018746	12.750426818001277	2023-05-28-08:58:26.170906	0.4165019297278091	0.22916653748369634
0.35000000000000003	10	3d	12.032763511203504	9.742985351429098	9.324051298012812	0.22106768509357033	0.13441290865169053	0.12039663364339227	4.722373240409978	2.330369676761084	2.406077318287237	5.658734812235685	4.06925597894729	3.95017508331448	4.5593886248324855	2023-05-28-09:03:04.564939	0.810157624845207	0.45776019969037673
0.35000000000000003	11	3d	31.235485692419847	27.514423242310464	28.409874718917848	17.57384503740334	16.947108817193197	16.166440491736804	0.0012961426793861469	0.029738225474990495	0.023971026562636978	16.27020895750086	14.830423428326219	14.86676207907243	15.322464821633169	2023-05-28-09:07:41.523894	0.44583533519272256	0.3816156967890685
0.35000000000000003	12	3d	5.364388462253493	4.755157386200757	4.678850767243866	0.0013134686831538262	0.0015624593109554439	0.001023471615720524	19.41813437223431	11.649892270618551	10.986194730617951	8.261278767723653	5.468870705376754	5.222022989825846	6.317390820975417	2023-05-28-09:12:14.757229	0.5879196093250615	0.4143005571775298
0.35000000000000003	13	3d	3.2845912024515713	4.249457468246306	5.054621337531602	0.0006226133156234434	0.0008423180592991914	0.001092627495970936	0.005495039786684946	0.004912956470138883	0.005223912606796092	1.0969029518512932	1.4184042475919147	1.6869792925447895	1.4007621639959993	2023-05-28-09:16:43.577940	0.5425610490324486	0.6616385595625556
0.35000000000000003	14	3d	1.187918358017638	1.0695827291288702	1.2022023359202085	0.6655901604792092	0.6119109505462312	0.6007469101123595	0.005411255411255411	0.003902185223725286	0.005200208008320334	0.6196399246360341	0.5617986216329423	0.6027164846802961	0.5947183436497575	2023-05-28-09:21:04.104621	0.21875587582652828	0.4253469459553838
0.4	1	3d	8.00025823125946	4.212649260482825	4.1967947026642936	2.281929691609052	2.3018190155997242	2.1070141243404996	0.0032655346146669155	0.011700761069905747	0.01106709499943475	3.428484485827726	2.1753896790508187	2.1049586406680763	2.5696109351822067	2023-05-28-09:25:37.813135	0.11	0.11
0.4	2	3d	2.6861266460934723	2.4822307465350284	3.0054460552493123	0.00370869858395145	0.003940110323089047	0.004221071589374156	0.04424471054056294	0.019687929556052308	0.03071136252192586	0.9113600184059956	0.8352862621380566	1.0134594964535375	0.9200352589991964	2023-05-28-09:29:55.659956	0.43361760376205927	0.6762595947537264
0.4	3	3d	1.855450881646046	1.8001255338397273	2.166900962992134	3.4994495074526517	2.8607992139432707	2.542877880203099	19.591424544836183	12.47217408969773	11.81474501617073	8.315441644644961	5.711032945826909	5.5081746197886545	6.511549736753508	2023-05-28-09:34:14.707362	0.10009149985387591	0.3418660581054718
0.4	4	3d	0.07376361876905894	0.08109762177296168	0.11874302265511105	0.8816117963041655	0.882673198301805	0.8860463545109263	5.582736607027443	3.7483865277042194	3.8296078901817867	2.179370674033556	1.5707191159263287	1.611465755782608	1.7871851819141642	2023-05-28-09:38:49.919174	0.21740471265369044	0.17387087581503824
0.4	5	3d	1.9122225748030661	2.054768201515168	2.397398241739188	0.0	0.004177109440267335	0.004177109440267335	0.0	0.0	0.0	0.6374075249343554	0.6863151036518117	0.8005251170598185	0.7080825818819951	2023-05-28-09:43:09.117022	0.1	0.39567009209718945
0.4	6	3d	0.3236649961331504	0.21651867468860309	0.2460831640633495	0.1879693984807216	0.15822351875565954	0.14470407639567634	0.013836597395688505	0.002472257539506375	0.0033116153139820283	0.1751569973365202	0.125738150327923	0.1313662852576693	0.14408714430737085	2023-05-28-09:47:41.171277	0.7640015263098537	0.6281103337270014
0.4	7	3d	10.274516370565195	8.919404108618602	9.981619197942079	0.4476272362036228	0.4023463772959223	0.44022160442437047	2.098460433887644	1.1714743339045626	1.068456507509551	4.2735346802188205	3.4977416066063625	3.830099103292	3.8671251300390614	2023-05-28-09:52:28.412749	0.21944537053898366	0.6030494112022101
0.4	8	3d	1.715688793367658	0.952334205550721	1.169350929818809	0.593550286066504	0.42943224866681623	0.36804687403500447	0.0	0.0	0.0	0.7697463598113873	0.4605888180725124	0.5124659346179378	0.5809337041672791	2023-05-28-09:56:42.391000	0.16885767842488264	0.706953070050052
0.4	9	3d	0.010758812733371306	0.047356311287221266	0.0655416697892231	0.0008333796322017889	0.000499001996007984	0.000499001996007984	0.04744018623401899	0.018589226595704885	0.017141538264002734	0.01967745953319736	0.02214817995964471	0.027727403349744606	0.02318434761419556	2023-05-28-10:01:15.211513	0.4165019297278091	0.22916653748369634
0.4	10	3d	1.1740651527773605	1.296631406935558	1.5325622146857676	0.08294997552474508	0.038494300826811406	0.03901227246445088	0.12208761065040108	0.06838531435624966	0.07117079967754066	0.45970091298416893	0.46783700737287304	0.5475817622759197	0.4917065608776538	2023-05-28-10:05:39.260143	0.810157624845207	0.45776019969037673
0.4	11	3d	0.004604051565377532	0.0044158120301781385	0.00503073195438803	0.0009234659809339793	0.0008562560205501446	0.0010702283867377298	6.2013827852655465	3.34394125690827	3.088071029328685	2.068970100937286	1.1164044416529995	1.0313906632232703	1.4055884019378517	2023-05-28-10:10:16.253451	0.44583533519272256	0.3816156967890685
0.4	12	3d	0.8508330177303606	1.2402650377037459	1.5247541490410026	0.0015086266012014154	0.008903643753657828	0.023505737320735732	0.008214676889375685	0.0075534530099380165	0.007332299401226858	0.2868521070736459	0.41890737815578055	0.518530728587655	0.4080967379390272	2023-05-28-10:14:33.803557	0.5879196093250615	0.4143005571775298
0.4	13	3d	1.8167015943193496	1.6670696272809946	1.82326310946022	1.1244685953147793	1.17083423758293	1.2392223714655521	0.0	0.0050251256281407045	0.0050251256281407045	0.9803900632113763	0.9476429968306883	1.022503535517971	0.9835121985200119	2023-05-28-10:18:57.302410	0.5425610490324486	0.6616385595625556
0.4	14	3d	8.648537567104606	7.900495728013719	8.203443304181397	0.5769579789470693	0.38555976091778865	0.4379373041200956	11.034465958393838	6.810239422857711	6.607406997720138	6.753320501481838	5.03209830392974	5.08292920200721	5.622782669139597	2023-05-28-10:23:34.789116	0.21875587582652828	0.4253469459553838
0.45	1	3d	0.0016996685646298972	0.001130965844831486	0.001648983284020881	0.005629045876723895	0.010399334442595673	0.013874614594039054	0.0	0.0	0.010660980810234541	0.0024429048137845975	0.0038434334291423864	0.008728192896098158	0.005004843713008381	2023-05-28-10:27:58.811207	0.11	0.11
0.45	2	3d	0.6409078596780977	0.6843554977983354	0.8204000007353073	0.048177692585547535	0.029077823108305752	0.0065989342098710085	2.0528805706507955	1.6490810672201686	1.473647654203046	0.913988707638147	0.78750479604227	0.7668821963827415	0.8227919000210527	2023-05-28-10:32:47.526737	0.43361760376205927	0.6762595947537264
0.45	3	3d	0.0021755092051233245	0.002843526837134301	0.004019244019485778	2.1560105228610813	2.117509099781203	1.897969973435088	0.0022942795962067907	0.0015762925598991173	0.0015762925598991173	0.7201601038874704	0.7073096397260787	0.634521836671491	0.68733052676168	2023-05-28-10:37:22.091978	0.10009149985387591	0.3418660581054718
0.45	4	3d	0.0	0.0	0.00021126016689553185	0.0	0.0	0.0	0.0	0.00020135579569098599	0.00020135579569098599	0.0	6.711859856366199e-05	0.00013753865419550594	6.821908425305598e-05	2023-05-28-10:41:55.580008	0.21740471265369044	0.17387087581503824
0.45	5	3d	6.000549415262172	3.550577027325657	3.353563509675338	0.7850902771203795	0.4997059113276641	0.471963055894324	1.877264990622758	1.0923478059938847	1.0550223478680303	2.8876348943351027	1.7142102482157355	1.6268496378125639	2.0762315934544677	2023-05-28-10:46:56.072866	0.28794279395071903	0.569295023582868
0.45	6	3d	0.0024301336573511545	0.004191176470588235	0.0066112302764963415	0.0	0.0	0.0	0.00458547322083639	0.002180768972690062	0.002180768972690062	0.002338535626062515	0.0021239818144260987	0.002930666416395468	0.002464394618961361	2023-05-28-10:51:08.287738	0.16423868430388414	0.6256533574035671
0.45	7	3d	3.0707188293603997	2.7851987606769697	2.709114479320395	0.021378234534585778	0.01783551623870553	0.019552280157952188	3.3289671319065204	1.3501556989273276	1.3140980779654403	2.140354731933835	1.3843966586143341	1.347588279147929	1.6241132232320328	2023-05-28-10:55:42.486274	0.21944537053898366	0.6030494112022101
0.45	8	3d	0.00732243104710764	0.011713079055034974	0.01989607997895291	0.00015820281601012498	0.0001279154052786424	0.00017055096489208387	0.0	0.0	0.0	0.0024935446210392546	0.003946998153437873	0.006688876981281664	0.004376473251919597	2023-05-28-11:00:03.803238	0.16885767842488264	0.706953070050052
0.45	9	3d	0.6416934008691734	0.6350385708507096	0.8546906000847463	0.016871541559820857	0.007643830966717129	0.008290513208313494	0.07137921089487327	0.025899817771721678	0.02787226366112362	0.24331471777462252	0.22286073986304947	0.2969511256513945	0.25437552776302214	2023-05-28-11:04:39.677188	0.4165019297278091	0.22916653748369634
0.45	10	3d	2.3413043425657727	1.952493209108609	2.2203608549619234	0.6686177571536979	0.7121947610667839	0.750720128644859	0.37818114566743344	0.1283538560749592	0.12100875102751645	1.1293677484623013	0.9310139420834506	1.030696578211433	1.0303594229190618	2023-05-28-11:09:41.838729	0.2427690006223542	0.5379616089007819
0.45	11	3d	0.0057629596311705835	0.006635463340848769	0.009620592343433768	0.7170948633569078	0.8483585886290403	0.897561779986482	0.5001254824304389	0.21150197398903536	0.2582382497236974	0.40766110180617243	0.35549867531964147	0.3884735406845377	0.3838777726034506	2023-05-28-11:14:16.889225	0.2935401288541266	0.5702340467934248
0.45	12	3d	0.12533924296232596	0.07957086726326369	0.123892205277023	0.0	0.000483558994197292	0.000483558994197292	0.0	0.0	0.0	0.041779747654108655	0.026684808752486994	0.04145858809040676	0.03664104816566746	2023-05-28-11:18:30.015903	0.5879196093250615	0.4143005571775298
0.45	13	3d	0.23317767944428547	0.17560217580063747	0.24340283640285312	0.0	0.0	0.0	0.5808304042810858	0.22635401700895386	0.22127722144932171	0.27133602790845707	0.1339853976031971	0.1548933526173916	0.18673825937634858	2023-05-28-11:23:14.461865	0.5425610490324486	0.6616385595625556
0.45	14	3d	0.2821068164421966	0.03591720779220779	0.04384925337757763	0.0004047833830638632	0.0003207889575275421	0.0004124278251306022	0.0	0.0	0.0	0.09417053327508683	0.012079332249911777	0.014753893734236077	0.04033458641974489	2023-05-28-11:27:40.766443	0.21875587582652828	0.4253469459553838
0.5	1	3d	0.0003724932723153878	0.0003504121019361783	0.0004196176893514008	0.0010957703265395574	0.0009235315847801994	0.0009235315847801994	0.0	0.0	0.0	0.0004894211996183151	0.00042464789557212595	0.0004477164247105334	0.00045392850663365813	2023-05-28-11:32:58.120111	0.11	0.11
0.5	2	3d	0.0	0.005512679162072768	0.006887052341597797	0.0	0.0	0.0	0.0	0.0	0.0	0.0	0.0018375597206909226	0.0022956841138659324	0.0013777479448522849	2023-05-28-11:37:10.288232	0.43361760376205927	0.6762595947537264
0.5	3	3d	0.0	0.0	0.0	0.0	0.0	0.0	0.0	0.0	0.0	0.0	0.0	0.0	0.0	2023-05-28-11:41:14.146930	0.10009149985387591	0.3418660581054718
0.5	4	3d	0.08592381165941522	0.026296033279543867	0.019309818748789124	0.0005829317581221825	0.0005051321425684959	0.0005342451116572284	0.0	0.0020005334755934918	0.0015262515262515263	0.028835581139179136	0.009600566299235285	0.0071234384622326265	0.015186528633549015	2023-05-28-11:45:39.172374	0.21740471265369044	0.17387087581503824
0.5	5	3d	0.0	0.0024108003857280617	0.0024108003857280617	0.0	0.0	0.0	0.0	0.0	0.0	0.0	0.0008036001285760206	0.0008036001285760206	0.0005357334190506804	2023-05-28-11:49:51.384249	0.18702105181020734	0.395103335978748
0.5	6	3d	0.04051863857374392	0.048906789413118525	0.06013745704467354	0.0	0.0	0.0	0.0	0.0	0.0	0.01350621285791464	0.016302263137706174	0.02004581901489118	0.016618098336837334	2023-05-28-11:53:56.027645	0.7640015263098537	0.6281103337270014
0.5	7	3d	0.0038694698826260802	0.004476676515355	0.008046490835940993	0.0035014005602240893	0.003188097768331562	0.004444883445278546	0.0	0.29411764705882354	0.29411764705882354	0.00245695681428339	0.10059414044750337	0.10220300711334769	0.06841803479171148	2023-05-28-11:58:12.544288	0.21944537053898366	0.6030494112022101
0.5	8	3d	0.0	0.0	0.0	0.0	0.0	0.0	0.0	0.0	0.0	0.0	0.0	0.0	0.0	2023-05-28-12:02:16.870545	0.18123878379542793	0.6431751589097493
0.5	9	3d	0.0	0.0	0.0	0.0	0.0	0.0	0.0	0.0	0.0	0.0	0.0	0.0	0.0	2023-05-28-12:06:20.942289	0.4165019297278091	0.22916653748369634
0.5	10	3d	0.0017425072189584784	0.0016221915808256957	0.002533749543925082	0.2874616756884294	0.2203609503206861	0.21820331592279008	0.002227791701475912	0.0008462026655383964	0.0008462026655383964	0.09714399153628793	0.07427644818901673	0.07386108937741785	0.08176050970090748	2023-05-28-12:10:41.592337	0.810157624845207	0.45776019969037673
0.5	11	3d	0.0	0.0007244277021153289	0.0007244277021153289	0.06895994307289399	0.016865340571986322	0.0181806740800757	0.0	0.0	0.0	0.022986647690964663	0.005863256091367217	0.006301700594063676	0.011717201458798518	2023-05-28-12:14:57.649727	0.44583533519272256	0.3816156967890685
0.5	12	3d	0.0	0.0	0.0	0.0	0.0	0.0	0.0	0.0	0.0	0.0	0.0	0.0	0.0	2023-05-28-12:18:59.795529	0.5879196093250615	0.4143005571775298
0.5	13	3d	0.0	0.0	0.0	0.0	0.0	0.0	0.0	0.0	0.0	0.0	0.0	0.0	0.0	2023-05-28-12:23:20.574125	0.5425610490324486	0.6616385595625556
0.5	14	3d	0.0	0.0	0.0	0.028571428571428574	0.025303643724696356	0.040241448692152924	0.0	0.0	0.0	0.009523809523809525	0.008434547908232119	0.013413816230717641	0.010457391220919762	2023-05-28-12:27:34.242771	0.21875587582652828	0.4253469459553838
0.55	1	3d	0.0	0.0	0.0	0.0	0.0	0.0	0.0	0.0	0.0	0.0	0.0	0.0	0.0	2023-05-28-12:31:43.720285	0.11	0.11
0.55	2	3d	0.0	0.0	0.0	0.0	0.0	0.0	0.0	0.0	0.0	0.0	0.0	0.0	0.0	2023-05-28-12:35:50.949848	0.43361760376205927	0.6762595947537264
0.55	3	3d	0.0	0.0	0.0	0.0	0.0	0.0	0.0	0.0	0.0	0.0	0.0	0.0	0.0	2023-05-28-12:39:54.929316	0.10009149985387591	0.3418660581054718
0.55	4	3d	0.0	0.0	0.0	0.0	0.0	0.0	0.0	0.0	0.0	0.0	0.0	0.0	0.0	2023-05-28-12:43:54.393156	0.21740471265369044	0.17387087581503824
0.55	5	3d	0.0	0.002446183953033268	0.0029348464097045585	0.0	0.0	0.0	0.0	0.0	0.0	0.0	0.0008153946510110893	0.0009782821365681863	0.0005978922625264251	2023-05-28-12:48:10.738741	0.8977956146162559	0.8951227118886144
0.55	6	3d	0.0	0.0	0.0012285012285012285	0.0	0.0	0.0	0.0	0.0	0.0	0.0	0.0	0.00040950040950040947	0.0001365001365001365	2023-05-28-12:52:18.193449	0.9	0.6092844793656866
0.55	7	3d	0.0	0.0	0.0	0.0	0.0	0.0	0.0	0.0	0.0	0.0	0.0	0.0	0.0	2023-05-28-12:56:30.439029	0.21944537053898366	0.6030494112022101
0.55	8	3d	0.0	0.0	0.0	0.0	0.0	0.0	0.0	0.0	0.0	0.0	0.0	0.0	0.0	2023-05-28-13:00:40.055707	0.8969577103900847	0.8818152578215777
0.55	9	3d	0.0	0.0	0.0	0.0	0.0	0.0	0.0	0.0	0.0	0.0	0.0	0.0	0.0	2023-05-28-13:04:45.458522	0.4165019297278091	0.22916653748369634
0.55	10	3d	0.0	0.0	0.0	0.0	0.0	0.0	0.0	0.0	0.0	0.0	0.0	0.0	0.0	2023-05-28-13:08:49.803835	0.810157624845207	0.45776019969037673
0.55	11	3d	0.0	0.0	0.0	0.0	0.0	0.0	0.0	0.0	0.0	0.0	0.0	0.0	0.0	2023-05-28-13:12:57.631911	0.44583533519272256	0.3816156967890685
0.55	12	3d	0.0	0.0	0.0	0.0	0.0	0.0	0.0	0.0	0.0	0.0	0.0	0.0	0.0	2023-05-28-13:17:05.224020	0.5879196093250615	0.4143005571775298
0.55	13	3d	0.00024013063106329843	0.00029278804487855155	0.00046842795578040094	0.0	0.0	0.0	0.0	0.0	0.0	8.004354368776615e-05	9.759601495951718e-05	0.00015614265192680031	0.00011126073685802787	2023-05-28-13:21:31.329261	0.5425610490324486	0.6616385595625556
0.55	14	3d	0.0	0.0	0.0	0.0	0.0	0.0	0.0	0.0	0.0	0.0	0.0	0.0	0.0	2023-05-28-13:25:32.174803	0.21875587582652828	0.4253469459553838
0.6000000000000001	1	3d	0.0	0.0	0.0	0.0	0.0	0.0	0.0	0.0	0.0	0.0	0.0	0.0	0.0	2023-05-28-13:29:31.199662	0.11	0.11
0.6000000000000001	2	3d	0.0	0.0	0.0	0.0	0.0	0.0	0.0	0.0	0.0	0.0	0.0	0.0	0.0	2023-05-28-13:33:33.261238	0.43361760376205927	0.6762595947537264
0.6000000000000001	3	3d	0.0	0.0	0.0	0.0	0.0	0.0	0.0	0.0	0.0	0.0	0.0	0.0	0.0	2023-05-28-13:37:36.786129	0.10009149985387591	0.3418660581054718
0.6000000000000001	4	3d	0.0	0.0	0.0	0.0	0.0	0.0	0.0	0.0	0.0	0.0	0.0	0.0	0.0	2023-05-28-13:41:39.163796	0.21740471265369044	0.17387087581503824
0.6000000000000001	5	3d	0.0	0.0	0.0	0.0	0.0	0.0	0.0	0.0	0.0	0.0	0.0	0.0	0.0	2023-05-28-13:45:50.216926	0.8977956146162559	0.8951227118886144
0.6000000000000001	6	3d	0.0	0.0	0.0	0.0	0.0	0.0	0.0	0.0	0.0	0.0	0.0	0.0	0.0	2023-05-28-13:49:48.639545	0.8929159197203573	0.8994794418627964
0.6000000000000001	7	3d	0.0	0.0	0.0	0.0	0.0	0.0	0.0	0.0	0.0	0.0	0.0	0.0	0.0	2023-05-28-13:53:51.047222	0.8966122589401804	0.1034738833119115
0.6000000000000001	8	3d	0.0	0.0	0.0	0.0	0.0	0.0	0.0	0.0	0.0	0.0	0.0	0.0	0.0	2023-05-28-13:57:52.379107	0.10393147570219262	0.8979615962039557
0.6000000000000001	9	3d	0.0	0.0	0.0	0.0	0.0	0.0	0.0	0.0	0.0	0.0	0.0	0.0	0.0	2023-05-28-14:01:51.492417	0.8992406617387799	0.10737545045731096
0.6000000000000001	10	3d	0.0	0.0	0.0	0.0	0.0	0.0	0.0	0.0	0.0	0.0	0.0	0.0	0.0	2023-05-28-14:05:55.770371	0.897606316407421	0.8978485312272388
0.6000000000000001	11	3d	0.0	0.0	0.0	0.0	0.0	0.0	0.0	0.0	0.0	0.0	0.0	0.0	0.0	2023-05-28-14:09:55.795619	0.10581967540763718	0.10569361304353707
0.6000000000000001	12	3d	0.0	0.0	0.0	0.0	0.0	0.0	0.0	0.0	0.0	0.0	0.0	0.0	0.0	2023-05-28-14:13:56.067274	0.10681200398062557	0.896221566810933
0.6000000000000001	13	3d	0.0	0.0	0.0	0.0	0.0	0.0	0.0	0.0	0.0	0.0	0.0	0.0	0.0	2023-05-28-14:17:58.114334	0.887036494322834	0.10594824279842063
0.6000000000000001	14	3d	0.0	0.0	0.0	0.0	0.0	0.0	0.0	0.0	0.0	0.0	0.0	0.0	0.0	2023-05-28-14:21:57.014833	0.10824727652720725	0.897148573095679
0.65	1	3d	0.0	0.0	0.0	0.0	0.0	0.0	0.0	0.0	0.0	0.0	0.0	0.0	0.0	2023-05-28-14:25:58.871402	0.11	0.11
0.65	2	3d	0.0	0.0	0.0	0.0	0.0	0.0	0.0	0.0	0.0	0.0	0.0	0.0	0.0	2023-05-28-14:29:58.583633	0.43361760376205927	0.6762595947537264
0.65	3	3d	0.0	0.0	0.0	0.0	0.0	0.0	0.0	0.0	0.0	0.0	0.0	0.0	0.0	2023-05-28-14:34:01.537609	0.10009149985387591	0.3418660581054718
0.65	4	3d	0.0	0.0	0.0	0.0	0.0	0.0	0.0	0.0	0.0	0.0	0.0	0.0	0.0	2023-05-28-14:38:04.569030	0.21740471265369044	0.17387087581503824
0.65	5	3d	0.0	0.0	0.0	0.0	0.0	0.0	0.0	0.0	0.0	0.0	0.0	0.0	0.0	2023-05-28-14:42:06.056376	0.8977956146162559	0.8951227118886144
0.65	6	3d	0.0	0.0	0.0	0.0	0.0	0.0	0.0	0.0	0.0	0.0	0.0	0.0	0.0	2023-05-28-14:46:04.817370	0.8929159197203573	0.8994794418627964
0.65	7	3d	0.0	0.0	0.0	0.0	0.0	0.0	0.0	0.0	0.0	0.0	0.0	0.0	0.0	2023-05-28-14:50:04.586342	0.8966122589401804	0.1034738833119115
0.65	8	3d	0.0	0.0	0.0	0.0	0.0	0.0	0.0	0.0	0.0	0.0	0.0	0.0	0.0	2023-05-28-14:54:07.629056	0.10393147570219262	0.8979615962039557
0.65	9	3d	0.0	0.0	0.0	0.0	0.0	0.0	0.0	0.0	0.0	0.0	0.0	0.0	0.0	2023-05-28-14:58:06.039948	0.8992406617387799	0.10737545045731096
0.65	10	3d	0.0	0.0	0.0	0.0	0.0	0.0	0.0	0.0	0.0	0.0	0.0	0.0	0.0	2023-05-28-15:02:06.273893	0.897606316407421	0.8978485312272388
0.65	11	3d	0.0	0.0	0.0	0.0	0.0	0.0	0.0	0.0	0.0	0.0	0.0	0.0	0.0	2023-05-28-15:06:07.254450	0.10581967540763718	0.10569361304353707
0.65	12	3d	0.0	0.0	0.0	0.0	0.0	0.0	0.0	0.0	0.0	0.0	0.0	0.0	0.0	2023-05-28-15:10:15.376981	0.10681200398062557	0.896221566810933
0.65	13	3d	0.0	0.0	0.0	0.0	0.0	0.0	0.0	0.0	0.0	0.0	0.0	0.0	0.0	2023-05-28-15:14:16.438299	0.887036494322834	0.10594824279842063
0.65	14	3d	0.0	0.0	0.0	0.0	0.0	0.0	0.0	0.0	0.0	0.0	0.0	0.0	0.0	2023-05-28-15:18:19.328120	0.10824727652720725	0.897148573095679
0.7000000000000001	1	3d	0.0	0.0	0.0	0.0	0.0	0.0	0.0	0.0	0.0	0.0	0.0	0.0	0.0	2023-05-28-15:22:23.200974	0.11	0.11
0.7000000000000001	2	3d	0.0	0.0	0.0	0.0	0.0	0.0	0.0	0.0	0.0	0.0	0.0	0.0	0.0	2023-05-28-15:26:25.275912	0.43361760376205927	0.6762595947537264
0.7000000000000001	3	3d	0.0	0.0	0.0	0.0	0.0	0.0	0.0	0.0	0.0	0.0	0.0	0.0	0.0	2023-05-28-15:30:27.990364	0.10009149985387591	0.3418660581054718
0.7000000000000001	4	3d	0.0	0.0	0.0	0.0	0.0	0.0	0.0	0.0	0.0	0.0	0.0	0.0	0.0	2023-05-28-15:34:29.671064	0.21740471265369044	0.17387087581503824
0.7000000000000001	5	3d	0.0	0.0	0.0	0.0	0.0	0.0	0.0	0.0	0.0	0.0	0.0	0.0	0.0	2023-05-28-15:38:31.565784	0.8977956146162559	0.8951227118886144
0.7000000000000001	6	3d	0.0	0.0	0.0	0.0	0.0	0.0	0.0	0.0	0.0	0.0	0.0	0.0	0.0	2023-05-28-15:42:31.256904	0.8929159197203573	0.8994794418627964
0.7000000000000001	7	3d	0.0	0.0	0.0	0.0	0.0	0.0	0.0	0.0	0.0	0.0	0.0	0.0	0.0	2023-05-28-15:46:30.141596	0.8966122589401804	0.1034738833119115
0.7000000000000001	8	3d	0.0	0.0	0.0	0.0	0.0	0.0	0.0	0.0	0.0	0.0	0.0	0.0	0.0	2023-05-28-15:50:31.890054	0.10393147570219262	0.8979615962039557
0.7000000000000001	9	3d	0.0	0.0	0.0	0.0	0.0	0.0	0.0	0.0	0.0	0.0	0.0	0.0	0.0	2023-05-28-15:54:30.907350	0.8992406617387799	0.10737545045731096
0.7000000000000001	10	3d	0.0	0.0	0.0	0.0	0.0	0.0	0.0	0.0	0.0	0.0	0.0	0.0	0.0	2023-05-28-15:58:33.787082	0.897606316407421	0.8978485312272388
0.7000000000000001	11	3d	0.0	0.0	0.0	0.0	0.0	0.0	0.0	0.0	0.0	0.0	0.0	0.0	0.0	2023-05-28-16:02:35.281734	0.10581967540763718	0.10569361304353707
0.7000000000000001	12	3d	0.0	0.0	0.0	0.0	0.0	0.0	0.0	0.0	0.0	0.0	0.0	0.0	0.0	2023-05-28-16:06:34.139172	0.10681200398062557	0.896221566810933
0.7000000000000001	13	3d	0.0	0.0	0.0	0.0	0.0	0.0	0.0	0.0	0.0	0.0	0.0	0.0	0.0	2023-05-28-16:10:33.394850	0.887036494322834	0.10594824279842063
0.7000000000000001	14	3d	0.0	0.0	0.0	0.0	0.0	0.0	0.0	0.0	0.0	0.0	0.0	0.0	0.0	2023-05-28-16:14:35.943281	0.10824727652720725	0.897148573095679
0.75	1	3d	0.0	0.0	0.0	0.0	0.0	0.0	0.0	0.0	0.0	0.0	0.0	0.0	0.0	2023-05-28-16:18:37.517256	0.11	0.11
0.75	2	3d	0.0	0.0	0.0	0.0	0.0	0.0	0.0	0.0	0.0	0.0	0.0	0.0	0.0	2023-05-28-16:22:38.153708	0.43361760376205927	0.6762595947537264
0.75	3	3d	0.0	0.0	0.0	0.0	0.0	0.0	0.0	0.0	0.0	0.0	0.0	0.0	0.0	2023-05-28-16:26:40.789865	0.10009149985387591	0.3418660581054718
0.75	4	3d	0.0	0.0	0.0	0.0	0.0	0.0	0.0	0.0	0.0	0.0	0.0	0.0	0.0	2023-05-28-16:30:40.239096	0.21740471265369044	0.17387087581503824
0.75	5	3d	0.0	0.0	0.0	0.0	0.0	0.0	0.0	0.0	0.0	0.0	0.0	0.0	0.0	2023-05-28-16:34:41.508762	0.8977956146162559	0.8951227118886144
0.75	6	3d	0.0	0.0	0.0	0.0	0.0	0.0	0.0	0.0	0.0	0.0	0.0	0.0	0.0	2023-05-28-16:38:43.684546	0.8929159197203573	0.8994794418627964
0.75	7	3d	0.0	0.0	0.0	0.0	0.0	0.0	0.0	0.0	0.0	0.0	0.0	0.0	0.0	2023-05-28-16:42:46.345328	0.8966122589401804	0.1034738833119115
0.75	8	3d	0.0	0.0	0.0	0.0	0.0	0.0	0.0	0.0	0.0	0.0	0.0	0.0	0.0	2023-05-28-16:46:47.906211	0.10393147570219262	0.8979615962039557
0.75	9	3d	0.0	0.0	0.0	0.0	0.0	0.0	0.0	0.0	0.0	0.0	0.0	0.0	0.0	2023-05-28-16:50:50.939666	0.8992406617387799	0.10737545045731096
0.75	10	3d	0.0	0.0	0.0	0.0	0.0	0.0	0.0	0.0	0.0	0.0	0.0	0.0	0.0	2023-05-28-16:54:54.510000	0.897606316407421	0.8978485312272388
0.75	11	3d	0.0	0.0	0.0	0.0	0.0	0.0	0.0	0.0	0.0	0.0	0.0	0.0	0.0	2023-05-28-16:58:57.132987	0.10581967540763718	0.10569361304353707
0.75	12	3d	0.0	0.0	0.0	0.0	0.0	0.0	0.0	0.0	0.0	0.0	0.0	0.0	0.0	2023-05-28-17:02:56.699494	0.10681200398062557	0.896221566810933
0.75	13	3d	0.0	0.0	0.0	0.0	0.0	0.0	0.0	0.0	0.0	0.0	0.0	0.0	0.0	2023-05-28-17:06:55.943579	0.887036494322834	0.10594824279842063
0.75	14	3d	0.0	0.0	0.0	0.0	0.0	0.0	0.0	0.0	0.0	0.0	0.0	0.0	0.0	2023-05-28-17:10:57.246742	0.10824727652720725	0.897148573095679
0.8	1	3d	0.0	0.0	0.0	0.0	0.0	0.0	0.0	0.0	0.0	0.0	0.0	0.0	0.0	2023-05-28-17:15:00.704757	0.11	0.11
0.8	2	3d	0.0	0.0	0.0	0.0	0.0	0.0	0.0	0.0	0.0	0.0	0.0	0.0	0.0	2023-05-28-17:19:02.497123	0.43361760376205927	0.6762595947537264
0.8	3	3d	0.0	0.0	0.0	0.0	0.0	0.0	0.0	0.0	0.0	0.0	0.0	0.0	0.0	2023-05-28-17:23:06.120943	0.10009149985387591	0.3418660581054718
0.8	4	3d	0.0	0.0	0.0	0.0	0.0	0.0	0.0	0.0	0.0	0.0	0.0	0.0	0.0	2023-05-28-17:27:09.016228	0.21740471265369044	0.17387087581503824
0.8	5	3d	0.0	0.0	0.0	0.0	0.0	0.0	0.0	0.0	0.0	0.0	0.0	0.0	0.0	2023-05-28-17:31:10.396799	0.8977956146162559	0.8951227118886144
0.8	6	3d	0.0	0.0	0.0	0.0	0.0	0.0	0.0	0.0	0.0	0.0	0.0	0.0	0.0	2023-05-28-17:35:13.412956	0.8929159197203573	0.8994794418627964
0.8	7	3d	0.0	0.0	0.0	0.0	0.0	0.0	0.0	0.0	0.0	0.0	0.0	0.0	0.0	2023-05-28-17:39:13.996643	0.8966122589401804	0.1034738833119115
0.8	8	3d	0.0	0.0	0.0	0.0	0.0	0.0	0.0	0.0	0.0	0.0	0.0	0.0	0.0	2023-05-28-17:43:12.210796	0.10393147570219262	0.8979615962039557
0.8	9	3d	0.0	0.0	0.0	0.0	0.0	0.0	0.0	0.0	0.0	0.0	0.0	0.0	0.0	2023-05-28-17:47:13.621541	0.8992406617387799	0.10737545045731096
0.8	10	3d	0.0	0.0	0.0	0.0	0.0	0.0	0.0	0.0	0.0	0.0	0.0	0.0	0.0	2023-05-28-17:51:17.004998	0.897606316407421	0.8978485312272388
0.8	11	3d	0.0	0.0	0.0	0.0	0.0	0.0	0.0	0.0	0.0	0.0	0.0	0.0	0.0	2023-05-28-17:55:19.493680	0.10581967540763718	0.10569361304353707
0.8	12	3d	0.0	0.0	0.0	0.0	0.0	0.0	0.0	0.0	0.0	0.0	0.0	0.0	0.0	2023-05-28-17:59:19.031261	0.10681200398062557	0.896221566810933
0.8	13	3d	0.0	0.0	0.0	0.0	0.0	0.0	0.0	0.0	0.0	0.0	0.0	0.0	0.0	2023-05-28-18:03:20.021169	0.887036494322834	0.10594824279842063
0.8	14	3d	0.0	0.0	0.0	0.0	0.0	0.0	0.0	0.0	0.0	0.0	0.0	0.0	0.0	2023-05-28-18:07:21.735763	0.10824727652720725	0.897148573095679
0.8500000000000001	1	3d	0.0	0.0	0.0	0.0	0.0	0.0	0.0	0.0	0.0	0.0	0.0	0.0	0.0	2023-05-28-18:11:22.600206	0.11	0.11
0.8500000000000001	2	3d	0.0	0.0	0.0	0.0	0.0	0.0	0.0	0.0	0.0	0.0	0.0	0.0	0.0	2023-05-28-18:15:30.365191	0.43361760376205927	0.6762595947537264
0.8500000000000001	3	3d	0.0	0.0	0.0	0.0	0.0	0.0	0.0	0.0	0.0	0.0	0.0	0.0	0.0	2023-05-28-18:19:31.911736	0.10009149985387591	0.3418660581054718
0.8500000000000001	4	3d	0.0	0.0	0.0	0.0	0.0	0.0	0.0	0.0	0.0	0.0	0.0	0.0	0.0	2023-05-28-18:23:33.691646	0.21740471265369044	0.17387087581503824
0.8500000000000001	5	3d	0.0	0.0	0.0	0.0	0.0	0.0	0.0	0.0	0.0	0.0	0.0	0.0	0.0	2023-05-28-18:27:33.717439	0.8977956146162559	0.8951227118886144
0.8500000000000001	6	3d	0.0	0.0	0.0	0.0	0.0	0.0	0.0	0.0	0.0	0.0	0.0	0.0	0.0	2023-05-28-18:31:34.756936	0.8929159197203573	0.8994794418627964
0.8500000000000001	7	3d	0.0	0.0	0.0	0.0	0.0	0.0	0.0	0.0	0.0	0.0	0.0	0.0	0.0	2023-05-28-18:35:34.756327	0.8966122589401804	0.1034738833119115
0.8500000000000001	8	3d	0.0	0.0	0.0	0.0	0.0	0.0	0.0	0.0	0.0	0.0	0.0	0.0	0.0	2023-05-28-18:39:36.875314	0.10393147570219262	0.8979615962039557
0.8500000000000001	9	3d	0.0	0.0	0.0	0.0	0.0	0.0	0.0	0.0	0.0	0.0	0.0	0.0	0.0	2023-05-28-18:43:37.589915	0.8992406617387799	0.10737545045731096
0.8500000000000001	10	3d	0.0	0.0	0.0	0.0	0.0	0.0	0.0	0.0	0.0	0.0	0.0	0.0	0.0	2023-05-28-18:47:38.230855	0.897606316407421	0.8978485312272388
0.8500000000000001	11	3d	0.0	0.0	0.0	0.0	0.0	0.0	0.0	0.0	0.0	0.0	0.0	0.0	0.0	2023-05-28-18:51:39.557882	0.10581967540763718	0.10569361304353707
0.8500000000000001	12	3d	0.0	0.0	0.0	0.0	0.0	0.0	0.0	0.0	0.0	0.0	0.0	0.0	0.0	2023-05-28-18:55:43.204583	0.10681200398062557	0.896221566810933
0.8500000000000001	13	3d	0.0	0.0	0.0	0.0	0.0	0.0	0.0	0.0	0.0	0.0	0.0	0.0	0.0	2023-05-28-18:59:43.407153	0.887036494322834	0.10594824279842063
0.8500000000000001	14	3d	0.0	0.0	0.0	0.0	0.0	0.0	0.0	0.0	0.0	0.0	0.0	0.0	0.0	2023-05-28-19:03:48.570611	0.10824727652720725	0.897148573095679
0.9	1	3d	0.0	0.0	0.0	0.0	0.0	0.0	0.0	0.0	0.0	0.0	0.0	0.0	0.0	2023-05-28-19:07:50.478808	0.11	0.11
0.9	2	3d	0.0	0.0	0.0	0.0	0.0	0.0	0.0	0.0	0.0	0.0	0.0	0.0	0.0	2023-05-28-19:12:16.701921	0.43361760376205927	0.6762595947537264
0.9	3	3d	0.0	0.0	0.0	0.0	0.0	0.0	0.0	0.0	0.0	0.0	0.0	0.0	0.0	2023-05-28-19:16:16.286678	0.10009149985387591	0.3418660581054718
0.9	4	3d	0.0	0.0	0.0	0.0	0.0	0.0	0.0	0.0	0.0	0.0	0.0	0.0	0.0	2023-05-28-19:20:45.878928	0.21740471265369044	0.17387087581503824
0.9	5	3d	0.0	0.0	0.0	0.0	0.0	0.0	0.0	0.0	0.0	0.0	0.0	0.0	0.0	2023-05-28-19:24:44.997347	0.8977956146162559	0.8951227118886144
0.9	6	3d	0.0	0.0	0.0	0.0	0.0	0.0	0.0	0.0	0.0	0.0	0.0	0.0	0.0	2023-05-28-19:28:46.751869	0.8929159197203573	0.8994794418627964
0.9	7	3d	0.0	0.0	0.0	0.0	0.0	0.0	0.0	0.0	0.0	0.0	0.0	0.0	0.0	2023-05-28-19:32:47.527946	0.8966122589401804	0.1034738833119115
0.9	8	3d	0.0	0.0	0.0	0.0	0.0	0.0	0.0	0.0	0.0	0.0	0.0	0.0	0.0	2023-05-28-19:36:47.355377	0.10393147570219262	0.8979615962039557
0.9	9	3d	0.0	0.0	0.0	0.0	0.0	0.0	0.0	0.0	0.0	0.0	0.0	0.0	0.0	2023-05-28-19:40:45.145645	0.8992406617387799	0.10737545045731096
0.9	10	3d	0.0	0.0	0.0	0.0	0.0	0.0	0.0	0.0	0.0	0.0	0.0	0.0	0.0	2023-05-28-19:44:46.993868	0.897606316407421	0.8978485312272388
0.9	11	3d	0.0	0.0	0.0	0.0	0.0	0.0	0.0	0.0	0.0	0.0	0.0	0.0	0.0	2023-05-28-19:49:29.573180	0.10581967540763718	0.10569361304353707
0.9	12	3d	0.0	0.0	0.0	0.0	0.0	0.0	0.0	0.0	0.0	0.0	0.0	0.0	0.0	2023-05-28-19:53:28.527374	0.10681200398062557	0.896221566810933
0.9	13	3d	0.0	0.0	0.0	0.0	0.0	0.0	0.0	0.0	0.0	0.0	0.0	0.0	0.0	2023-05-28-19:57:27.118976	0.887036494322834	0.10594824279842063
0.9	14	3d	0.0	0.0	0.0	0.0	0.0	0.0	0.0	0.0	0.0	0.0	0.0	0.0	0.0	2023-05-28-20:01:26.490394	0.10824727652720725	0.897148573095679
0.9500000000000001	1	3d	0.0	0.0	0.0	0.0	0.0	0.0	0.0	0.0	0.0	0.0	0.0	0.0	0.0	2023-05-28-20:05:29.111177	0.11	0.11
0.9500000000000001	2	3d	0.0	0.0	0.0	0.0	0.0	0.0	0.0	0.0	0.0	0.0	0.0	0.0	0.0	2023-05-28-20:09:32.563543	0.43361760376205927	0.6762595947537264
0.9500000000000001	3	3d	0.0	0.0	0.0	0.0	0.0	0.0	0.0	0.0	0.0	0.0	0.0	0.0	0.0	2023-05-28-20:13:39.855687	0.10009149985387591	0.3418660581054718
0.9500000000000001	4	3d	0.0	0.0	0.0	0.0	0.0	0.0	0.0	0.0	0.0	0.0	0.0	0.0	0.0	2023-05-28-20:17:38.516927	0.21740471265369044	0.17387087581503824
0.9500000000000001	5	3d	0.0	0.0	0.0	0.0	0.0	0.0	0.0	0.0	0.0	0.0	0.0	0.0	0.0	2023-05-28-20:21:36.232961	0.8977956146162559	0.8951227118886144
0.9500000000000001	6	3d	0.0	0.0	0.0	0.0	0.0	0.0	0.0	0.0	0.0	0.0	0.0	0.0	0.0	2023-05-28-20:25:37.220372	0.8929159197203573	0.8994794418627964
0.9500000000000001	7	3d	0.0	0.0	0.0	0.0	0.0	0.0	0.0	0.0	0.0	0.0	0.0	0.0	0.0	2023-05-28-20:29:36.627247	0.8966122589401804	0.1034738833119115
0.9500000000000001	8	3d	0.0	0.0	0.0	0.0	0.0	0.0	0.0	0.0	0.0	0.0	0.0	0.0	0.0	2023-05-28-20:33:35.738396	0.10393147570219262	0.8979615962039557
0.9500000000000001	9	3d	0.0	0.0	0.0	0.0	0.0	0.0	0.0	0.0	0.0	0.0	0.0	0.0	0.0	2023-05-28-20:37:35.888969	0.8992406617387799	0.10737545045731096
0.9500000000000001	10	3d	0.0	0.0	0.0	0.0	0.0	0.0	0.0	0.0	0.0	0.0	0.0	0.0	0.0	2023-05-28-20:41:35.614762	0.897606316407421	0.8978485312272388
0.9500000000000001	11	3d	0.0	0.0	0.0	0.0	0.0	0.0	0.0	0.0	0.0	0.0	0.0	0.0	0.0	2023-05-28-20:45:34.270381	0.10581967540763718	0.10569361304353707
0.9500000000000001	12	3d	0.0	0.0	0.0	0.0	0.0	0.0	0.0	0.0	0.0	0.0	0.0	0.0	0.0	2023-05-28-20:49:32.753964	0.10681200398062557	0.896221566810933
0.9500000000000001	13	3d	0.0	0.0	0.0	0.0	0.0	0.0	0.0	0.0	0.0	0.0	0.0	0.0	0.0	2023-05-28-20:53:31.978834	0.887036494322834	0.10594824279842063
0.9500000000000001	14	3d	0.0	0.0	0.0	0.0	0.0	0.0	0.0	0.0	0.0	0.0	0.0	0.0	0.0	2023-05-28-20:57:31.530140	0.10824727652720725	0.897148573095679
1.0	1	3d	0.0	0.0	0.0	0.0	0.0	0.0	0.0	0.0	0.0	0.0	0.0	0.0	0.0	2023-05-28-21:01:31.659827	0.11	0.11
1.0	2	3d	0.0	0.0	0.0	0.0	0.0	0.0	0.0	0.0	0.0	0.0	0.0	0.0	0.0	2023-05-28-21:05:33.727170	0.43361760376205927	0.6762595947537264
1.0	3	3d	0.0	0.0	0.0	0.0	0.0	0.0	0.0	0.0	0.0	0.0	0.0	0.0	0.0	2023-05-28-21:09:35.510825	0.10009149985387591	0.3418660581054718
1.0	4	3d	0.0	0.0	0.0	0.0	0.0	0.0	0.0	0.0	0.0	0.0	0.0	0.0	0.0	2023-05-28-21:13:35.211392	0.21740471265369044	0.17387087581503824
1.0	5	3d	0.0	0.0	0.0	0.0	0.0	0.0	0.0	0.0	0.0	0.0	0.0	0.0	0.0	2023-05-28-21:17:36.401792	0.8977956146162559	0.8951227118886144
1.0	6	3d	0.0	0.0	0.0	0.0	0.0	0.0	0.0	0.0	0.0	0.0	0.0	0.0	0.0	2023-05-28-21:21:36.925429	0.8929159197203573	0.8994794418627964
1.0	7	3d	0.0	0.0	0.0	0.0	0.0	0.0	0.0	0.0	0.0	0.0	0.0	0.0	0.0	2023-05-28-21:25:36.884728	0.8966122589401804	0.1034738833119115
1.0	8	3d	0.0	0.0	0.0	0.0	0.0	0.0	0.0	0.0	0.0	0.0	0.0	0.0	0.0	2023-05-28-21:29:38.416766	0.10393147570219262	0.8979615962039557
1.0	9	3d	0.0	0.0	0.0	0.0	0.0	0.0	0.0	0.0	0.0	0.0	0.0	0.0	0.0	2023-05-28-21:33:37.546599	0.8992406617387799	0.10737545045731096
1.0	10	3d	0.0	0.0	0.0	0.0	0.0	0.0	0.0	0.0	0.0	0.0	0.0	0.0	0.0	2023-05-28-21:37:38.450780	0.897606316407421	0.8978485312272388
1.0	11	3d	0.0	0.0	0.0	0.0	0.0	0.0	0.0	0.0	0.0	0.0	0.0	0.0	0.0	2023-05-28-21:41:43.837678	0.10581967540763718	0.10569361304353707
1.0	12	3d	0.0	0.0	0.0	0.0	0.0	0.0	0.0	0.0	0.0	0.0	0.0	0.0	0.0	2023-05-28-21:45:46.789490	0.10681200398062557	0.896221566810933
1.0	13	3d	0.0	0.0	0.0	0.0	0.0	0.0	0.0	0.0	0.0	0.0	0.0	0.0	0.0	2023-05-28-21:49:46.493592	0.887036494322834	0.10594824279842063
1.0	14	3d	0.0	0.0	0.0	0.0	0.0	0.0	0.0	0.0	0.0	0.0	0.0	0.0	0.0	2023-05-28-21:53:49.821859	0.10824727652720725	0.897148573095679
