1e-31	1	bev	94.31196458738151	88.04723085984621	85.46843830159162	59.61517829329557	52.6067338274079	47.63443286185546	86.41481136510069	67.91667095783079	63.67955311052934	80.11398474859259	69.5235452150283	65.5941414246588	71.74389046275991	2023-05-28-01:26:23.929895	0.11	0.11
1e-31	2	bev	94.31196458738151	88.04723085984621	85.46843830159162	59.61517829329557	52.6067338274079	47.63443286185546	86.41481136510069	67.91667095783079	63.67955311052934	80.11398474859259	69.5235452150283	65.5941414246588	71.74389046275991	2023-05-28-01:30:34.154460	0.43361760376205927	0.6762595947537264
1e-31	3	bev	94.31196458738151	88.04723085984621	85.46843830159162	59.61517829329557	52.6067338274079	47.63443286185546	86.41481136510069	67.91667095783079	63.67955311052934	80.11398474859259	69.5235452150283	65.5941414246588	71.74389046275991	2023-05-28-01:34:40.964245	0.10009149985387591	0.3418660581054718
1e-31	4	bev	94.31196458738151	88.04723085984621	85.46843830159162	59.61517829329557	52.6067338274079	47.63443286185546	86.41481136510069	67.91667095783079	63.67955311052934	80.11398474859259	69.5235452150283	65.5941414246588	71.74389046275991	2023-05-28-01:38:48.743109	0.21740471265369044	0.17387087581503824
1e-31	5	bev	94.31196458738151	88.04723085984621	85.46843830159162	59.61517829329557	52.6067338274079	47.63443286185546	86.41481136510069	67.91667095783079	63.67955311052934	80.11398474859259	69.5235452150283	65.5941414246588	71.74389046275991	2023-05-28-01:43:01.910878	0.8977956146162559	0.8951227118886144
1e-31	6	bev	94.31196458738151	88.04723085984621	85.46843830159162	59.61517829329557	52.6067338274079	47.63443286185546	86.41481136510069	67.91667095783079	63.67955311052934	80.11398474859259	69.5235452150283	65.5941414246588	71.74389046275991	2023-05-28-01:47:17.362585	0.8929159197203573	0.8994794418627964
1e-31	7	bev	94.31196458738151	88.04723085984621	85.46843830159162	59.61517829329557	52.6067338274079	47.63443286185546	86.41481136510069	67.91667095783079	63.67955311052934	80.11398474859259	69.5235452150283	65.5941414246588	71.74389046275991	2023-05-28-01:51:23.748146	0.8966122589401804	0.1034738833119115
1e-31	8	bev	94.31196458738151	88.04723085984621	85.46843830159162	59.61517829329557	52.6067338274079	47.63443286185546	86.41481136510069	67.91667095783079	63.67955311052934	80.11398474859259	69.5235452150283	65.5941414246588	71.74389046275991	2023-05-28-01:55:29.823671	0.10393147570219262	0.8979615962039557
1e-31	9	bev	94.31196458738151	88.04723085984621	85.46843830159162	59.61517829329557	52.6067338274079	47.63443286185546	86.41481136510069	67.91667095783079	63.67955311052934	80.11398474859259	69.5235452150283	65.5941414246588	71.74389046275991	2023-05-28-01:59:41.998210	0.8992406617387799	0.10737545045731096
1e-31	10	bev	94.31196458738151	88.04723085984621	85.46843830159162	59.61517829329557	52.6067338274079	47.63443286185546	86.41481136510069	67.91667095783079	63.67955311052934	80.11398474859259	69.5235452150283	65.5941414246588	71.74389046275991	2023-05-28-02:03:54.598128	0.897606316407421	0.8978485312272388
1e-31	11	bev	94.31196458738151	88.04723085984621	85.46843830159162	59.61517829329557	52.6067338274079	47.63443286185546	86.41481136510069	67.91667095783079	63.67955311052934	80.11398474859259	69.5235452150283	65.5941414246588	71.74389046275991	2023-05-28-02:08:04.562709	0.10581967540763718	0.1056933444324487
1e-31	12	bev	94.31196458738151	88.04723085984621	85.46843830159162	59.61517829329557	52.6067338274079	47.63443286185546	86.41481136510069	67.91667095783079	63.67955311052934	80.11398474859259	69.5235452150283	65.5941414246588	71.74389046275991	2023-05-28-02:12:15.771461	0.10681200398062557	0.896221566810933
1e-31	13	bev	94.31196458738151	88.04723085984621	85.46843830159162	59.61517829329557	52.6067338274079	47.63443286185546	86.41481136510069	67.91667095783079	63.67955311052934	80.11398474859259	69.5235452150283	65.5941414246588	71.74389046275991	2023-05-28-02:16:25.140889	0.887036494322834	0.10594824279842063
1e-31	14	bev	94.31196458738151	88.04723085984621	85.46843830159162	59.61517829329557	52.6067338274079	47.63443286185546	86.41481136510069	67.91667095783079	63.67955311052934	80.11398474859259	69.5235452150283	65.5941414246588	71.74389046275991	2023-05-28-02:20:40.116612	0.10824727652720725	0.897148573095679
0.05	1	bev	93.8795162900145	88.12424511642165	85.43728649387312	59.238643847434545	52.04411584082832	47.16675583672112	86.12247771098454	67.91977984021325	64.26981738470012	79.74687928281118	69.3627135991544	65.62461990509813	71.57807092902124	2023-05-28-02:24:50.030545	0.11	0.11
0.05	2	bev	94.20669175121287	87.90384817466696	86.3237921405581	58.63515840557376	51.48828599291386	46.82411045905863	85.48391958717998	66.66220662023282	62.88730445013761	79.44192324798887	68.68478026260455	65.34506901658477	71.1572575090594	2023-05-28-02:28:58.336308	0.43361760376205927	0.6762595947537264
0.05	3	bev	94.46911067052667	88.03007497101846	86.40876742414056	60.2589564374256	52.76060676865668	48.08203420623764	84.21697554224684	66.45638579858905	62.51756973776988	79.64834755006638	69.08235584608806	65.66945712271603	71.46672017295683	2023-05-28-02:33:07.476315	0.10009149985387591	0.3418660581054718
0.05	4	bev	94.35869607560552	88.10602232268	85.44498940353122	60.63920985706759	53.286093645625	48.37449105109514	87.44526946872284	67.89522926145979	64.27253993706309	80.81439180046532	69.7624484099216	66.03067346389649	72.20250455809447	2023-05-28-02:37:17.943907	0.21740471265369044	0.17387087581503824
0.05	5	bev	94.1328134112338	87.91120963866854	86.51855450389206	60.07006859514491	52.38560033471143	47.63412301435405	86.32077614784095	67.63862992179173	63.73979085029941	80.17455271807322	69.31181329839056	65.96415612284851	71.8168407131041	2023-05-28-02:41:27.603598	0.2751142685031946	0.11750702238247179
0.05	6	bev	94.05318042563545	87.93309770942327	85.40998130974167	57.93854044505859	50.949659333757026	46.24102210905568	86.58961802448559	68.04244805256266	64.27975330948887	79.52711296505989	68.97506836524765	65.31025224276208	71.2708111910232	2023-05-28-02:45:36.238740	0.41758219799437846	0.1
0.05	7	bev	94.73892217725486	88.12352598349726	85.6194655882355	58.42790636665227	51.309994130038326	46.697495892682106	86.50794228004027	67.94414404182538	63.7415094097806	79.89159027464915	69.12588805178699	65.35282363023273	71.45676731888962	2023-05-28-02:49:44.647914	0.21944537053898366	0.6030494112022101
0.05	8	bev	94.4515047289333	88.08382261726753	86.45876980403717	58.92841479934938	51.01073922724424	46.15860940075328	84.71414826240814	66.5190403060187	62.57090346444313	79.36468926356362	68.53786738351015	65.06276088974452	70.98843917893943	2023-05-28-02:53:57.483251	0.33221744055361174	0.1870029106234298
0.05	9	bev	94.60995557208699	88.11382789268897	86.34470020616958	57.99220898479254	51.6012873591823	47.2006824771765	86.46167970603038	67.52507489236221	63.938804528417826	79.68794808763664	69.08006338141116	65.8280624039213	71.53202462432303	2023-05-28-02:58:05.634547	0.4165019297278091	0.22916653748369634
0.05	10	bev	93.47225998202902	87.96213876503656	85.48111373493164	56.504249260482155	50.16008543066626	45.285422970806906	86.19966831150855	66.78166013803705	63.1175328519372	78.72539251800657	68.3012947779133	64.6280231858919	70.55157016060393	2023-05-28-03:02:16.966360	0.810157624845207	0.45776019969037673
0.05	11	bev	94.05059324147919	87.84699756994551	85.21234252396503	60.28999382226957	52.56962700058598	47.46529232001592	86.32340983420427	68.21805976494724	64.32212362400962	80.22133229931768	69.54489477849292	65.66658615599687	71.81093774460248	2023-05-28-03:06:27.929198	0.26976896867577294	0.11722424911452248
0.05	12	bev	94.10747715854065	87.75938925404981	85.23026388908463	60.795775784201965	53.38834434432128	48.5520832069589	84.99401500653798	66.75551695397901	63.06519869362622	79.96575598309353	69.30108351745002	65.61584859655657	71.62756269903338	2023-05-28-03:10:39.213409	0.2864872034497997	0.11006637534563946
0.05	13	bev	94.37000054786374	88.02148365801129	85.41040226406005	58.161740137764504	50.84000006489527	46.21051298419737	85.68746831568261	67.04262054355799	62.98844324559399	79.40640300043695	68.63470142215486	64.86978616461714	70.97029686240299	2023-05-28-03:14:52.329653	0.5425610490324486	0.6616385595625556
0.05	14	bev	94.25258659757574	87.92153973146605	85.35981530278954	57.78075500755884	51.28315198466383	46.54574616334061	85.30848043258518	66.74383554665533	62.92500958467598	79.11394067923992	68.64950908759508	64.94352368360205	70.90232448347902	2023-05-28-03:19:06.863952	0.21875587582652828	0.4253469459553838
0.1	1	bev	94.84891444622458	88.45784055307412	85.91690435073485	54.241421417926425	47.24955571627664	43.24514734830734	85.05096319168234	66.41860428963298	62.63675158154799	78.04709968527779	67.37533351966125	63.9329344268634	69.78512254393414	2023-05-28-03:23:16.109254	0.11	0.11
0.1	2	bev	93.736062166364	87.8270975213388	85.42529103622958	57.515688792109664	51.40865651118164	47.38221455410848	86.97590020225793	68.38402856610534	64.64822689407163	79.4092170535772	69.20659419954193	65.81857749480322	71.47812958264078	2023-05-28-03:27:23.811687	0.43361760376205927	0.6762595947537264
0.1	3	bev	94.26005373379915	87.628228201506	84.82088291028163	58.99177471266472	51.01405571779629	46.62358431190065	85.03972360225346	65.9656378687654	62.08380584342079	79.43051734957244	68.20264059602256	64.50942435520102	70.71419410026535	2023-05-28-03:31:34.537393	0.10009149985387591	0.3418660581054718
0.1	4	bev	94.11318543313432	87.67799945870094	85.0920308225201	58.47891436474926	51.56919671039374	47.063833078152854	84.87174765231671	65.58815568508489	61.9706769256338	79.15461581673343	68.27845061805986	64.70884694210226	70.71397112563184	2023-05-28-03:35:45.501212	0.21740471265369044	0.17387087581503824
0.1	5	bev	93.8352316499325	87.60606667463333	84.98811523934823	57.97347191058857	50.855506471286084	46.47078487567107	85.26319822942428	66.3567090226634	62.444930844115575	79.02396726331511	68.27276072286094	64.63461031971163	70.64377943529588	2023-05-28-03:39:55.389308	0.18702105181020734	0.395103335978748
0.1	6	bev	93.71987514389974	87.6951093060694	84.95233263375283	48.87312645528213	41.73900640954638	36.95440850364166	78.36051168268405	59.5770200796812	55.78313428621302	73.65117109395531	63.00371193176566	59.229958474535835	65.29494716675225	2023-05-28-03:44:08.216705	0.7640015263098537	0.6281103337270014
0.1	7	bev	93.82346259999947	87.76753039565041	85.2727968701141	57.84995715076533	50.9516922107477	46.18894048552171	86.25240596671878	67.18269830433753	63.24114214764186	79.30860857249452	68.63397363691189	64.90095983442589	70.9478473479441	2023-05-28-03:48:21.008480	0.21944537053898366	0.6030494112022101
0.1	8	bev	94.6037903233065	88.06828137384129	85.31623168905371	57.40347870354587	49.95976844034588	45.17459000427348	82.77569393007369	65.63883255988283	61.82060366092863	78.26098765230869	67.88896079135667	64.1038084514186	70.08458563169467	2023-05-28-03:52:34.251615	0.16885767842488264	0.706953070050052
0.1	9	bev	94.01289479659582	87.69461294138351	85.13446442949795	55.19039384995277	47.191097654834394	42.37104284199057	83.07438233742693	64.87785690742976	61.098832495884125	77.42589032799184	66.58785583454922	62.86811325579089	68.96061980611064	2023-05-28-03:56:45.601077	0.4165019297278091	0.22916653748369634
0.1	10	bev	94.69106584046818	88.21299952555452	85.44832368599073	53.94603645297005	48.47200374334733	44.044604357925635	81.63134076785077	63.54988289577148	60.18300820436389	76.75614768709634	66.7449620548911	63.22531208276009	68.90880727491584	2023-05-28-04:00:58.819233	0.810157624845207	0.45776019969037673
0.1	11	bev	93.09407730010089	87.42179603464496	84.6927320132516	58.34086112691407	51.45566211665287	47.02818245490524	83.29016514953548	65.27748257721224	61.238324053417045	78.24170119218348	68.05164690950335	64.31974617385796	70.20436475851494	2023-05-28-04:05:12.874242	0.44583533519272256	0.3816156967890685
0.1	12	bev	91.67209456571854	86.99220810147237	84.35059989473383	46.051022103831116	39.012025070694826	35.133525557020626	78.8011867865082	61.232361234347756	57.44921243102492	72.17476781868595	62.41219813550499	58.97777929425979	64.52158174948357	2023-05-28-04:09:27.615678	0.5879196093250615	0.4143005571775298
0.1	13	bev	94.03271956106612	87.79741484386321	85.15016999999752	55.56797697295236	48.480901036699606	43.60906177564502	81.72984410800315	62.84956587025091	59.055642916501796	77.1101802140072	66.37596058360458	62.60495823071478	68.6970330094422	2023-05-28-04:13:40.828782	0.5425610490324486	0.6616385595625556
0.1	14	bev	93.94076454267258	87.33445764540919	84.91928857094774	56.93717592087209	50.301894458495	45.85516981030966	82.29961856754304	63.82306374872323	59.96730420948694	77.72585301036257	67.15313861754247	63.58058753024812	69.48652638605105	2023-05-28-04:17:52.693721	0.21875587582652828	0.4253469459553838
0.15000000000000002	1	bev	92.52276220956219	85.12223047110427	83.74254534757796	51.364915058254745	45.59887489495972	41.500484733380105	81.69854504063844	61.39297273513512	57.59125805773117	75.1954074361518	64.03802603373303	60.94476271289641	66.7260653942604	2023-05-28-04:22:06.249446	0.11	0.11
0.15000000000000002	2	bev	91.63620230088527	86.2701056809201	83.7561104053398	49.89564935221301	42.26058793812909	37.49138869685547	80.82089101630332	61.46304482302833	57.685656174720044	74.11758088980054	63.331246147359174	59.6443850923051	65.69773737648828	2023-05-28-04:26:22.273498	0.43361760376205927	0.6762595947537264
0.15000000000000002	3	bev	92.02726777585646	86.41886230671251	83.71875132995956	47.134792782331225	40.52662032476626	36.0522935838315	75.02511339167202	57.90107245688226	54.51613729544873	71.39572464995324	61.61551836278701	58.095727403079934	63.70232347194006	2023-05-28-04:30:35.559077	0.10009149985387591	0.3418660581054718
0.15000000000000002	4	bev	93.85065438969964	87.23055710220369	84.49480109055901	51.57580469219498	46.3198962293439	42.48595240371258	82.6258739433025	63.41694463230618	59.4532905993905	76.01744434173237	65.65579932128459	62.14468136455403	67.93930834252366	2023-05-28-04:34:48.308475	0.21740471265369044	0.17387087581503824
0.15000000000000002	5	bev	93.9497471765544	86.66169215765225	84.1223413245455	52.66166667241434	46.78637378495051	42.396027007245856	76.7908019681912	53.64626203200482	50.296129478839546	74.46740527238664	62.36477599153586	58.93816593687696	65.2567824002665	2023-05-28-04:39:03.523780	0.18702105181020734	0.395103335978748
0.15000000000000002	6	bev	92.8636176031759	86.63992544877695	83.80976353023783	51.59700054376868	45.27406256142904	41.39304472826444	79.8746052151638	55.72504906612393	52.37374914487635	74.77840778736946	62.54634569210998	59.19218580112621	65.50564642686854	2023-05-28-04:43:16.564606	0.7640015263098537	0.6281103337270014
0.15000000000000002	7	bev	93.64834327357039	87.01501065003555	84.67570942540898	52.763225840138276	46.29099965448045	42.117119629675535	79.66633352916429	63.10962519687507	59.31249654577088	75.35930088095765	65.47187850046369	62.03510853361846	67.62209597167993	2023-05-28-04:47:30.288802	0.21944537053898366	0.6030494112022101
0.15000000000000002	8	bev	93.85544675391344	86.84199545661724	84.39438105515717	50.82450364425133	44.686624072585055	41.12991667644946	82.11895579790296	62.53459305146008	58.8374995612009	75.59963539868924	64.68773752688746	61.45393243093584	67.24710178550419	2023-05-28-04:51:42.455041	0.16885767842488264	0.706953070050052
0.15000000000000002	9	bev	94.49114434698542	87.77500257677333	85.19662081538965	52.14667057075607	46.75090581702017	42.98361631910987	79.23231042913753	61.20870609597808	57.32948933252312	75.290041782293	65.24487149659052	61.836575489007544	67.45716292263036	2023-05-28-04:55:54.929435	0.4165019297278091	0.22916653748369634
0.15000000000000002	10	bev	93.43917041412682	86.88145245533876	83.67704160270408	53.31743157400191	46.8055409406187	41.9304148427835	74.14235187274629	56.721584830482186	53.39150284279223	73.63298462029167	63.469526075479884	59.66631976275993	65.58961015284382	2023-05-28-05:00:07.868345	0.10376364688249887	0.12749497623249229
0.15000000000000002	11	bev	92.88877906870331	86.94190445564152	84.13951939358105	46.82272696140106	40.35740701154138	35.86246337699595	72.94924688987001	56.02990708329785	52.29857703121341	70.88691763999147	61.10973951682692	57.43351993393014	63.143392363582834	2023-05-28-05:04:20.452119	0.44583533519272256	0.3816156967890685
0.15000000000000002	12	bev	93.90825379002612	87.0814977516436	84.97558843288925	46.21484308290703	42.07604135319034	38.69760137889341	80.02325227001815	61.01834063329182	57.4137350376476	73.38211638098376	63.391959912708586	60.36230828314342	65.7121281922786	2023-05-28-05:08:31.459204	0.5879196093250615	0.4143005571775298
0.15000000000000002	13	bev	94.2219162687054	87.2568830669894	84.90717526594855	52.400911576140594	46.76908295105906	43.41420177334957	81.32821727597786	61.738234029958406	58.62595873710041	75.98368170694128	65.25473334933561	62.31577859213284	67.85139788280324	2023-05-28-05:12:46.347546	0.5425610490324486	0.6616385595625556
0.15000000000000002	14	bev	93.42183565336747	86.42669148059514	83.49036457610751	43.701070855520136	38.53187206206033	34.31010709973942	68.91408700892674	52.47809662472525	49.224012695677324	68.67899783927145	59.14555338912691	55.674828123841415	61.16645978407991	2023-05-28-05:17:01.321355	0.21875587582652828	0.4253469459553838
0.2	1	bev	93.36981277164004	85.67859804563976	81.75357206820145	54.7194860666317	48.80007838142434	44.6156045453313	82.82980132333361	55.04909403421485	51.9134324729914	76.9730333872018	63.17592348709298	59.42753636217471	66.52549774548983	2023-05-28-05:21:12.604595	0.11	0.11
0.2	2	bev	90.42308332818317	83.87442298316839	81.13009241380557	29.994237148519098	25.795452033724537	23.297421916647682	68.05578852245604	50.0800858512514	46.53582643701487	62.8243696663861	53.249986956048105	50.321113589156035	55.46515673719675	2023-05-28-05:25:22.367955	0.43361760376205927	0.6762595947537264
0.2	3	bev	92.11370513605056	86.83869983688255	84.58248140936391	41.475283044599095	38.539772168151984	36.35543579808215	76.03432143001966	57.59681131261829	54.225966548201185	69.87443653688977	60.99176110588428	58.387961251882416	63.08471963155215	2023-05-28-05:29:35.777492	0.10009149985387591	0.3418660581054718
0.2	4	bev	93.42157038077458	85.40970270313043	81.92047832422122	51.418913464868034	44.468460478338756	40.41134951600319	75.42870231894916	55.96163183231289	52.60057609954918	73.42306205486392	61.946598337927355	58.31080131325786	64.56015390201638	2023-05-28-05:33:51.348276	0.21740471265369044	0.17387087581503824
0.2	5	bev	92.52055293031944	82.5707619891451	80.8193938034938	42.93547205450544	37.926740368215164	35.0452140822903	65.46067202451373	46.436876634214634	44.06050063839341	66.9722323364462	55.64479299719164	53.30836950805917	58.64179828056566	2023-05-28-05:38:13.228007	0.18702105181020734	0.395103335978748
0.2	6	bev	91.09229909731347	81.1977607475342	79.25143496364991	28.63970396327155	27.53249609447875	26.243581452118814	67.22748187183987	47.77343997370201	44.86039791536348	62.3198283108083	52.16789893857165	50.11847144371074	54.868732897696894	2023-05-28-05:42:33.793597	0.7640015263098537	0.6281103337270014
0.2	7	bev	92.34471985227376	84.8985406533287	84.27383518625562	52.3736352045957	46.66846588704116	43.54018415778634	83.11812858970417	61.461013072352145	58.11499046368236	75.94549454885788	64.34267320424067	61.976336602574776	67.4215014518911	2023-05-28-05:46:48.386187	0.21944537053898366	0.6030494112022101
0.2	8	bev	91.09162677544099	84.82335767883094	82.90879909682658	52.01935336247077	44.35297604240361	39.24488441876612	73.05234146684917	52.019989423053104	48.6788647819205	72.05444053492032	60.39877438142921	56.94418276583773	63.132465894062435	2023-05-28-05:51:02.611985	0.15161887302484803	0.372941794832845
0.2	9	bev	91.42014461801834	85.32890898904266	82.28218682691129	50.64230062678294	45.06421217263209	42.11654857458897	76.85904099971651	54.108331164711174	51.09699912140878	72.9738287481726	61.5004841087953	58.49857817430301	64.32429701042363	2023-05-28-05:55:21.171064	0.4165019297278091	0.22916653748369634
0.2	10	bev	92.91665716707394	85.3583336162967	83.78850447694695	53.61705897410165	47.468162181318334	43.94160639154623	82.21272468203583	59.0829129812929	55.7020686945642	76.24881360773715	63.969802926302656	61.14405985435246	67.12089212946408	2023-05-28-05:59:33.508406	0.48175640937840003	0.1
0.2	11	bev	91.62565090585008	83.72806474802307	81.51138733919015	47.58922848985795	40.79192448802468	36.82555975706118	66.3466766917876	46.43647055150443	43.735966712901295	68.52051869583188	56.98548659585072	54.02430460305087	59.84343663157782	2023-05-28-06:03:50.636403	0.6416371441811337	0.2100888941308978
0.2	12	bev	89.19773280825696	82.00914238041281	78.3753317312526	20.891923946367488	18.65631153456442	17.482145885488983	42.16115253720184	33.304032135301384	31.55468185223774	50.75026976394209	44.656495350092875	42.47071982299311	45.959161645676026	2023-05-28-06:08:07.470058	0.3678052709831477	0.12058694924363189
0.2	13	bev	90.90890756528239	83.02787881517813	80.17380788535704	50.487589130257206	44.94821571801255	40.84635651545529	67.44122248431157	54.45278596157148	51.156640201281455	69.61257305995039	60.80962683158739	57.39226820069792	62.604822697411905	2023-05-28-06:12:29.549492	0.5425610490324486	0.6616385595625556
0.2	14	bev	93.56044478193594	84.57177271095897	82.19451552441058	46.47060548304241	42.155455802702605	39.48735763911815	73.25883832680906	56.64579328228043	53.85854994118795	71.0966295305958	61.124340598647336	58.513474368238896	63.57814816582733	2023-05-28-06:16:44.465998	0.21875587582652828	0.4253469459553838
0.25	1	bev	86.00334224789869	73.92270961360535	70.44551414698252	29.218202545150362	24.026035603961464	21.68874659188659	22.109877151421614	14.642452873054365	14.217613085444194	45.77714064815689	37.53039936354039	35.450624608104434	39.58605487326724	2023-05-28-06:21:12.170000	0.11	0.11
0.25	2	bev	90.18085077066107	83.0732292608336	80.20866879555804	49.12364474503333	42.71058988613448	39.07584616718477	68.34134258938901	55.145095467800076	51.607999069761355	69.21527936836112	60.30963820492272	56.96417134416805	62.16302963915062	2023-05-28-06:25:29.256257	0.43361760376205927	0.6762595947537264
0.25	3	bev	85.53794869944824	75.43216930859853	73.75220311501889	36.70465218743311	32.63913905717058	30.91672570016277	63.2786545116502	42.13408776865546	39.85240084205042	61.84041846617718	50.068465378141525	48.17377655241069	53.3608867989098	2023-05-28-06:29:54.652050	0.10009149985387591	0.3418660581054718
0.25	4	bev	88.1465396297247	78.73436786660292	74.86756644257181	37.29366439591813	33.34145496091191	30.30227682853235	56.24294484464456	36.590405184917735	34.575128061836466	60.561049623429135	49.55540933747752	46.58165711098021	52.23270535729562	2023-05-28-06:34:15.101353	0.21740471265369044	0.17387087581503824
0.25	5	bev	89.56603531965006	81.66104113987531	79.40243648990513	44.7073773821928	39.943704669351995	36.548695749840476	62.78149454300136	42.539501887901224	40.119556759482236	65.68496908161474	54.71474923237617	52.023562999742616	57.47442710457785	2023-05-28-06:38:36.022776	0.1	0.4387216917996428
0.25	6	bev	88.99188503972871	81.03094573156578	78.82607269645322	47.66901167438261	40.9919436932671	37.79521418062218	75.89486626939458	53.40476376594145	50.132215421366766	70.85192099450197	58.475884396924776	55.58450076614739	61.63743538585805	2023-05-28-06:42:58.706596	0.2771743318448288	0.4235236749980975
0.25	7	bev	92.7721605928876	83.26355850425232	80.34348417198164	24.818980291553753	20.8486514847345	19.19672732553714	56.94297851067107	40.52835422084375	37.917216846215	58.17803979837081	48.213521403276864	45.8191427812446	50.73690132763076	2023-05-28-06:47:19.256426	0.21944537053898366	0.6030494112022101
0.25	8	bev	76.03023682041453	68.33114115829167	64.89923745863165	13.798490613962148	11.602251393264906	10.816142203272127	26.043395391725127	17.999673370035982	16.96972486283534	38.624040942033936	32.64435530719752	30.8950348415797	34.054477030270384	2023-05-28-06:51:39.757963	0.3683655883031835	0.3970309007980928
0.25	9	bev	86.91282663867392	77.71838817160412	74.3814699426615	36.04089709233006	31.005444620903305	28.138552732369597	62.50875895088954	40.661206475338204	38.03455681006961	61.820827560631166	49.79501308928187	46.85152649503357	52.8224557149822	2023-05-28-06:56:04.602846	0.4165019297278091	0.22916653748369634
0.25	10	bev	87.5567473598245	80.86928212037053	79.16684850294347	33.33229728478611	28.61084772650731	26.17636042911472	59.43441113389418	41.569352268608725	39.14951561432709	60.107818592834924	50.34982737182886	48.16424151546176	52.873962493375174	2023-05-28-07:00:25.052063	0.810157624845207	0.45776019969037673
0.25	11	bev	86.60417605153734	78.41862716156787	76.96347771326366	23.734475052858684	22.237794963620882	20.974874025197803	59.82093786166286	45.34354600612709	42.62283473775948	56.719862988686295	48.66665604377195	46.85372882540698	50.746749285955076	2023-05-28-07:04:49.619996	0.44583533519272256	0.3816156967890685
0.25	12	bev	88.80058568490492	82.58120089532683	80.43683665728537	43.64128655164324	37.553106933806504	35.0049338359698	78.18302438030054	56.91274987659807	53.65226724484072	70.2082988722829	59.015685901910466	56.36467924603196	61.86288800674178	2023-05-28-07:09:05.950229	0.5879196093250615	0.4143005571775298
0.25	13	bev	80.50061334931719	74.28553135219794	69.99565694685725	2.7173949185343584	1.6993699259379955	1.5741032316855332	11.92952299451591	12.283970653180615	11.373798095308121	31.715843754122485	29.42295731043885	27.6478527579503	29.595551274170546	2023-05-28-07:13:26.851324	0.5425610490324486	0.6616385595625556
0.25	14	bev	92.10167695198791	82.59745348216822	80.66070906041081	45.13003410164028	39.68962632971888	36.06860126885573	67.35161148839211	46.004633575637286	44.02382755971966	68.1944408473401	56.097237795841465	53.584379296328734	59.292019313170094	2023-05-28-07:17:46.361068	0.21875587582652828	0.4253469459553838
0.30000000000000004	1	bev	83.41954300498662	74.27851821366414	70.59310385124203	29.413383229659445	24.898528136853034	22.58790400217297	66.21461062018194	45.76222826041181	42.840897030516665	59.682512284942675	48.31309153697632	45.34063496131055	51.112079594409856	2023-05-28-07:22:10.911636	0.11	0.11
0.30000000000000004	2	bev	74.90110221819306	66.09292127360071	62.2425003076587	17.832586968080076	15.320501418347815	13.862704983968802	23.7106652469666	16.572153080455358	16.103262037578066	38.81478481107991	32.661858590801295	30.736155776401855	34.07093305942769	2023-05-28-07:26:32.868547	0.43361760376205927	0.6762595947537264
0.30000000000000004	3	bev	83.2175659808944	69.81884361455987	64.69602028205303	37.89110868026081	34.646074749233435	32.26540126509987	16.332418915474385	12.702224599848897	12.740190497588177	45.81369785887654	39.05571432121406	36.56720401491369	40.478872065001426	2023-05-28-07:30:56.784550	0.10009149985387591	0.3418660581054718
0.30000000000000004	4	bev	87.6248822047	69.79243545103124	67.22177748468663	19.857268742944452	14.933963796537997	13.710581214579054	52.388358591273345	31.844958350804742	30.070579964436206	53.290169846305936	38.85711919945799	37.000979554567294	43.04942286677707	2023-05-28-07:35:21.001088	0.21740471265369044	0.17387087581503824
0.30000000000000004	5	bev	72.72670140129357	67.79476687772859	65.76273446910284	35.22049156924661	29.705980897513907	28.116160768561922	56.354466956612505	39.399729329731805	37.470367049588916	54.76721997571756	45.63349236832477	43.78308742908456	48.0612665910423	2023-05-28-07:39:51.312997	0.18702105181020734	0.395103335978748
0.30000000000000004	6	bev	85.15803462857843	71.381137283873	67.46403802779612	24.37991439574482	20.51687939528563	18.750080918256767	38.874061433824494	24.53482899728358	23.4616063578775	49.47067015271591	38.81094855881407	36.55857510131013	41.613397937613364	2023-05-28-07:44:16.069472	0.38037429932945793	0.2450102024042453
0.30000000000000004	7	bev	78.87224990341835	66.30490758892051	62.35686921728718	31.664652071731954	23.62796956956721	21.66064046225379	58.387687014917745	38.22609038598589	35.972614255036895	56.30819633002269	42.71965584815788	39.996707978192624	46.341520052124395	2023-05-28-07:48:42.045109	0.21944537053898366	0.6030494112022101
0.30000000000000004	8	bev	87.52753251760946	75.82649541580416	72.26417393216353	35.9056658795068	30.660972643766883	29.723249323504376	54.28905058205202	36.18347450612432	33.99713983298171	59.24074965972276	47.556980855231785	45.32818769621654	50.708639403723694	2023-05-28-07:53:05.628521	0.20536052996102805	0.5546934955757904
0.30000000000000004	9	bev	72.06940795698242	66.40187671975288	63.57978785697521	0.1352762246412163	0.11799088123961754	0.11975010657396233	2.9116625831526273	4.009009791643283	3.619944345120696	25.038782254925422	23.509625797545258	22.439827436223286	23.66274516289799	2023-05-28-07:57:20.223673	0.4165019297278091	0.22916653748369634
0.30000000000000004	10	bev	81.26811648918941	73.52649705701414	68.87437246812465	2.4929656030733565	2.1121117853530595	1.901309853147214	10.4757648512575	6.008155662022792	5.78533371447879	31.412282314506754	27.215588168129997	25.520338678583553	28.0494030537401	2023-05-28-08:01:45.374012	0.12186422472169813	0.5949339004518198
0.30000000000000004	11	bev	83.8481808113533	72.30109396197439	69.59886195237779	19.94159200746258	18.60145449051914	17.06473956416218	53.22370529530105	35.14930697072236	32.95697438083198	52.337826038038976	42.017285141071966	39.87352529912398	44.742878826078304	2023-05-28-08:06:06.454334	0.2596287584172271	0.5594185061996668
0.30000000000000004	12	bev	77.51064372196605	66.9772078257885	63.93531657870627	8.182525927945438	5.101288834808675	4.679504350180973	13.873717916148316	10.660505876851339	10.329164468411593	33.18896252201993	27.579667512482832	26.31466179909961	29.02776394453413	2023-05-28-08:10:28.116095	0.20258628044502738	0.49595097328631277
0.30000000000000004	13	bev	78.06039105279557	70.29520307429132	67.33231463261554	3.313747379990405	2.6265687535360542	2.1535794339289387	13.62463400057658	8.315983501826308	8.214244449542452	31.666257477787514	27.079251776551228	25.900046172028976	28.21518514212257	2023-05-28-08:14:45.826929	0.5425610490324486	0.6616385595625556
0.30000000000000004	14	bev	67.27613571510327	56.914139517832005	53.75462819316093	8.495574148757559	6.9746267397286354	6.419396719114845	41.75632128582969	23.249102398400524	21.391485140295984	39.17601038323017	29.045956218653725	27.188503350857257	31.80348998424705	2023-05-28-08:19:10.950636	0.21875587582652828	0.4253469459553838
0.35000000000000003	1	bev	64.65335418123271	59.71220730912034	57.396576187728535	25.08402377007818	22.562641481777696	21.57733524746663	42.468828754298514	29.840866253657506	28.00395404697065	44.068735568536475	37.37190501485185	35.65928849405527	39.0333096924812	2023-05-28-08:23:39.859977	0.11	0.11
0.35000000000000003	2	bev	49.133081802691855	38.40616764781809	36.52777155122621	1.8769699382460918	1.6015908383772763	1.5732397823851707	3.9350396617126657	2.118104392842474	2.136028779080194	18.315030467550205	14.041954293012614	13.412346704230524	15.25644382159778	2023-05-28-08:27:56.340336	0.43361760376205927	0.6762595947537264
0.35000000000000003	3	bev	16.3390274089712	18.188574151967394	20.173020899938464	5.737788499862793	5.470551736249594	5.157684651027951	37.680252121676695	20.628780151183186	19.235861235552836	19.919022676836896	14.762635346466723	14.855522262173082	16.51239342849224	2023-05-28-08:32:19.128216	0.10009149985387591	0.3418660581054718
0.35000000000000003	4	bev	72.6422894984747	60.79633256408972	57.84820290772924	13.000929709149295	11.27173177966127	10.877753109397812	47.94693706682715	32.096215665050636	30.217906532356643	44.53005209148372	34.72142666960054	32.98128751649457	37.41092209252628	2023-05-28-08:36:38.801464	0.21740471265369044	0.17387087581503824
0.35000000000000003	5	bev	57.41485391806436	47.69876358890171	45.9398552992198	0.9202064440157368	1.190564121048496	1.4529217575143984	10.350337632803424	6.236311277732121	6.395611725149609	22.89513266496117	18.37521299589411	17.9294629272946	19.733269529383293	2023-05-28-08:40:55.849129	0.9	0.1
0.35000000000000003	6	bev	51.064422517253426	41.49305919807378	41.81350655980688	9.526401067280538	8.808672615876292	8.231798253406945	13.538567477424001	7.275797915840329	7.077957377689333	24.709797020652655	19.192509909930134	19.04108739696772	20.981131442516833	2023-05-28-08:45:14.858763	0.9	0.9
0.35000000000000003	7	bev	20.60779823788186	18.907015188222562	20.057099049911315	7.549959763433966	2.8072616072218644	3.1180724254840357	31.30130376330344	19.633220827194506	18.450220512269937	19.819687254873088	13.78249920754631	13.875130662555096	15.825772374991496	2023-05-28-08:49:41.241198	0.21944537053898366	0.6030494112022101
0.35000000000000003	8	bev	72.4207488819257	54.34510924177229	53.45728559680191	24.519329183103896	22.076477067585635	21.45401264051703	55.52533302344559	35.086304991187625	33.05934662117808	50.82180369615839	37.16929710018186	35.99021495283234	41.32710524972419	2023-05-28-08:54:08.920017	0.12073965140152493	0.10145448484983498
0.35000000000000003	9	bev	66.75561356211107	63.39107490335171	61.17614141826515	21.7657395526083	20.437763373449926	19.727356761851944	43.272969145022934	29.759807759927902	27.806173005625784	43.931440753247436	37.862882012243176	36.23655706191429	39.343626609134965	2023-05-28-08:58:26.173210	0.4165019297278091	0.22916653748369634
0.35000000000000003	10	bev	37.713065950267165	29.506544538091394	27.67925444419852	2.6433053010821874	1.4550924115240282	1.4199978836175497	8.743906228858842	6.331317659642657	6.381588610323817	16.366759160069396	12.430984869752692	11.826946979379963	13.541563669734018	2023-05-28-09:03:04.567642	0.810157624845207	0.45776019969037673
0.35000000000000003	11	bev	69.94710949315187	62.35079371396155	59.94238500182977	31.141310777537434	28.870840920010032	26.957640573443065	45.00414621239141	30.533088352606562	29.08530097611922	48.69752216102691	40.58490766219271	38.661775517130685	42.64806844678345	2023-05-28-09:07:41.526277	0.44583533519272256	0.3816156967890685
0.35000000000000003	12	bev	41.11180841483185	31.22282897059887	28.380007534956427	15.741572453924974	14.576974170510834	14.159841662970118	25.018851532183877	15.088287754195933	14.197651251508997	27.2907441336469	20.296030298435213	18.912500149811848	22.166424860631324	2023-05-28-09:12:14.759612	0.5879196093250615	0.4143005571775298
0.35000000000000003	13	bev	18.82217588705882	24.017182824488312	24.887145031264733	0.0024606734965033988	0.0030751856331564962	0.0045335757475386575	0.023429879965554082	0.025667786857154803	0.025433947655332925	6.282688813506959	8.015308598992876	8.305704184889201	7.534567199129679	2023-05-28-09:16:43.580275	0.5425610490324486	0.6616385595625556
0.35000000000000003	14	bev	36.76735417184422	26.834731500114785	26.71894352605205	2.754870050152346	3.171730341425997	2.958358869085683	2.226725929240714	1.208023371253831	1.4626635677964082	13.916316717079093	10.40482840426487	10.379988654311381	11.567044591885116	2023-05-28-09:21:04.106867	0.21875587582652828	0.4253469459553838
0.4	1	bev	29.30096362212028	19.25510275595679	18.607020670814055	5.103834821921277	5.494815387609838	5.312583673482975	8.940722501809208	5.626912467398619	5.552736212489797	14.448506981950255	10.125610203655082	9.824113518928943	11.466076901511427	2023-05-28-09:25:37.822903	0.11	0.11
0.4	2	bev	16.979977629957112	15.251813521386397	17.23705420994203	0.09715249802935658	0.12401630119297248	0.1087632556177207	0.3602708249536581	0.2551195632404339	0.28797022978533277	5.812466984313375	5.210316461939935	5.877929231781695	5.633570892678335	2023-05-28-09:29:55.663273	0.43361760376205927	0.6762595947537264
0.4	3	bev	11.695204579177352	15.72914283515901	18.09150799963415	24.367744575590397	19.46463499640745	17.980442543615503	32.119058832210875	22.259261338763718	20.917101431410657	22.72733599565954	19.15101305677673	18.996350658220106	20.29156657021879	2023-05-28-09:34:14.710765	0.10009149985387591	0.3418660581054718
0.4	4	bev	22.57853378300588	15.80961541049543	15.625468193122998	3.087429300051598	3.5684056956777193	3.5459259764174944	9.393325163134673	6.286234281381802	6.3488038882858975	11.686429415397384	8.55475179585165	8.50673268594213	9.58263796573039	2023-05-28-09:38:49.922750	0.21740471265369044	0.17387087581503824
0.4	5	bev	25.548441149501265	27.124266999397296	28.121408934724464	0.5697223740837631	0.5253008499572079	0.5250022574217201	1.1853496989286954	0.5381290774668444	0.47633162180102046	9.101171074171242	9.395898975607116	9.707580937982401	9.401550329253586	2023-05-28-09:43:09.120689	0.1	0.39567009209718945
0.4	6	bev	41.70362019774803	34.53236404296764	32.25110385770168	0.49867090587921115	0.4654792783865008	0.48333821663891263	2.60111696616036	1.3486717089341584	1.2903358327338568	14.934469356595867	12.1155050100961	11.341592635691484	12.797189000794484	2023-05-28-09:47:41.174640	0.7640015263098537	0.6281103337270014
0.4	7	bev	39.352308054209324	33.7370316781997	34.23143960260789	2.1740427739173387	1.9379954467370188	2.105634550973957	7.428457890072179	4.684646336999583	4.521161623988406	16.318269572732948	13.4532244873121	13.619411925856753	14.463635328633934	2023-05-28-09:52:28.415906	0.21944537053898366	0.6030494112022101
0.4	8	bev	7.3782128829994855	4.59363961412998	5.593852211420817	1.8391663403754595	1.403463924368239	1.355624033413939	2.2661212368835457	1.1520151277587058	1.23033379045668	3.82783348675283	2.383039555418975	2.726603345097145	2.979158795756317	2023-05-28-09:56:42.394100	0.16885767842488264	0.706953070050052
0.4	9	bev	3.607986164584552	6.224869560362873	7.7103979473835045	0.11409156554208406	0.1101667015741893	0.11109843207876921	1.1888701958114458	0.9016616187797581	0.9402500389047228	1.6369826419793607	2.412232626905607	2.9205821394556657	2.323265802780211	2023-05-28-10:01:15.215074	0.4165019297278091	0.22916653748369634
0.4	10	bev	13.170044347691526	13.07411375045375	13.777875348559704	2.4561358304123044	1.7537875952718545	1.6252323174570875	6.7738227266429805	4.018631132410147	3.638422842678922	7.466667634915603	6.2821774927119165	6.347176836231903	6.698673987953142	2023-05-28-10:05:39.263119	0.810157624845207	0.45776019969037673
0.4	11	bev	20.521307261854208	15.306423359889948	14.21714743542254	4.516081753725215	4.731790442358906	5.064708312708399	9.82117031681763	5.632531368575668	5.38599435799224	11.619519777465683	8.556915056941508	8.222616702041059	9.466350512149418	2023-05-28-10:10:16.258533	0.44583533519272256	0.3816156967890685
0.4	12	bev	11.579734074179129	15.199346982180082	15.757917360196789	0.05300130783029826	0.08687462298041605	0.16549447928243133	0.6930044384399261	0.36828418404386887	0.34121432369865606	4.1085799401497844	5.218168596401456	5.421542054392625	4.9160968636479545	2023-05-28-10:14:33.806700	0.5879196093250615	0.4143005571775298
0.4	13	bev	24.628523592335057	21.455548869536607	22.45822403076842	15.79239607757141	14.75184818307443	14.180677789272561	24.023363755760883	17.375131242326994	16.4800885109073	21.481427808555782	17.860842764979342	17.706330110316095	19.016200227950407	2023-05-28-10:18:57.304921	0.5425610490324486	0.6616385595625556
0.4	14	bev	52.00805389596368	39.53225085850628	37.18484159086709	15.98142847268768	12.967693897808328	12.439191133085	18.168748211042715	12.16326886977857	11.380111755889015	28.719410193231354	21.55440454203106	20.334714826613702	23.536176520625368	2023-05-28-10:23:34.794332	0.21875587582652828	0.4253469459553838
0.45	1	bev	0.2189320764881876	0.050190175638033796	0.05239432811440306	0.09395314833354786	0.17635841896571258	0.26056495812807334	0.030562590257445607	0.021438078727444396	0.028998192664742333	0.1144826050263937	0.08266222444373027	0.11398582630240624	0.10371021859084341	2023-05-28-10:27:58.814090	0.11	0.11
0.45	2	bev	25.97767599605482	23.921525706140777	24.101313495015045	5.134603929649577	4.13924072807333	3.8170338759696567	17.416325635816204	11.23584846144536	10.707473088837935	16.1762018538402	13.098871631886489	12.875273486607545	14.050115657444746	2023-05-28-10:32:47.529638	0.43361760376205927	0.6762595947537264
0.45	3	bev	19.31531696175081	16.021323353713292	15.564003331522947	5.945351053149659	5.461639335356959	5.1810864472802916	11.916316727268352	4.057982629067055	3.9815432116889253	12.392328247389607	8.513648439379102	8.242210996830723	9.716062561199811	2023-05-28-10:37:22.094727	0.10009149985387591	0.3418660581054718
0.45	4	bev	0.0	0.0004897857410013002	0.0016022217474898526	0.0003098085383233162	0.00026289776431741226	0.00026289776431741226	0.00025693730729701953	0.001887974602451376	0.002004671270422379	0.00018891528187344524	0.0008802193692566962	0.0012899302607432145	0.0007863549706244521	2023-05-28-10:41:55.612753	0.21740471265369044	0.17387087581503824
0.45	5	bev	29.005686588154454	17.30508281884566	16.91239391493103	11.342548528479504	7.040287480555274	6.68653037770772	10.353321019150133	6.659811721832984	6.600394955954384	16.90051871192803	10.335060673744639	10.066439749531044	12.43400637840124	2023-05-28-10:46:56.078057	0.28794279395071903	0.569295023582868
0.45	6	bev	0.04300779008694884	0.23567473370842512	0.41082357854944596	0.0030112109700731957	0.0031444402896284454	0.009443297484896331	0.09385828077421718	0.14153870058963516	0.14260846584170092	0.04662576061041307	0.12678595819589625	0.18762511395868106	0.12034561092166346	2023-05-28-10:51:08.290149	0.16423868430388414	0.6256533574035671
0.45	7	bev	26.4302435184222	22.035281799950045	19.95352950626137	0.10952603705322209	0.10738695559640607	0.09836495468053236	4.208476006170141	2.130211951754232	1.9133492999933408	10.249415187215186	8.090960235766895	7.321747920311748	8.554041114431277	2023-05-28-10:55:42.488632	0.21944537053898366	0.6030494112022101
0.45	8	bev	11.900510047375901	12.07895205836953	12.986953298632695	0.11875913664989815	0.0931393825349003	0.08864915613032405	0.023681037011547876	0.019606461896743574	0.019683316108231798	4.014316740345782	4.063899300933725	4.365095256957084	4.14777043274553	2023-05-28-11:00:03.808216	0.16885767842488264	0.706953070050052
0.45	9	bev	8.136485938373683	8.727347128616874	10.394546292799426	0.08688817908855259	0.04945370960331642	0.052164146045837544	0.29547860907934154	0.17064782978540846	0.16094480321045124	2.839617575513859	2.9824828893352	3.5358850806852384	3.1193285151780987	2023-05-28-11:04:39.680017	0.4165019297278091	0.22916653748369634
0.45	10	bev	14.64105151308355	13.12142897341498	13.848826890752564	12.330791809580328	11.10353629740281	10.371554957994732	16.7431063650073	10.567434668937665	10.00220879466836	14.571649895890394	11.597466646585152	11.407530214471885	12.525548918982476	2023-05-28-11:09:41.841342	0.2427690006223542	0.5379616089007819
0.45	11	bev	0.26181151508358586	0.22243889579669196	0.37212721862202197	2.9942794922345453	3.5437921984589775	3.725914159364859	19.038851939265754	11.269606233353738	10.670131852258132	7.431647648861294	5.011945775869802	4.922724410081671	5.788772611604255	2023-05-28-11:14:16.891655	0.2935401288541266	0.5702340467934248
0.45	12	bev	0.6933637465211179	0.6672723316482227	1.1048027610914142	0.0010744023636852001	0.001527686377738084	0.0018212581956618804	0.005506607929515419	0.01205543257270777	0.012323970007915006	0.23331491893810616	0.22695181686622287	0.37298266309833034	0.2777497996342198	2023-05-28-11:18:30.018531	0.5879196093250615	0.4143005571775298
0.45	13	bev	3.9794166360577026	4.1039019219450985	4.619838807283265	1.7333212118227599	1.013513159934528	0.9043342117462083	1.8342839687121821	0.7714333527017355	0.7669076122465679	2.515673938864215	1.962949478193787	2.0970268770920137	2.1918834313833386	2023-05-28-11:23:14.464291	0.5425610490324486	0.6616385595625556
0.45	14	bev	3.136331772249807	1.7682742658169592	1.7744203595782795	3.1193526504264693	2.8086062568314287	2.812944375921182	0.9223750605595687	0.36862470503468214	0.3066116091443563	2.3926864944119486	1.648501742561023	1.631325448214606	1.8908378950625258	2023-05-28-11:27:40.769152	0.21875587582652828	0.4253469459553838
0.5	1	bev	0.7294331040523893	0.6092193744888834	0.7953597352703486	0.025924884971981546	0.005622679010408494	0.0070569785676947204	0.0027307482250136534	0.004117259552042161	0.004117259552042161	0.2526962457497948	0.20631977101711133	0.26884465779669514	0.24262022485453383	2023-05-28-11:32:58.126194	0.11	0.11
0.5	2	bev	0.021321961620469083	0.034664448141985583	0.04961411245865491	0.0	0.009316770186335404	0.009316770186335404	0.0	0.0	0.0	0.007107320540156361	0.014660406109440327	0.019643627548330104	0.013803784732642266	2023-05-28-11:37:10.295990	0.43361760376205927	0.6762595947537264
0.5	3	bev	0.04032258064516129	0.027301092043681748	0.03115264797507788	0.0	0.0	0.0	0.0	0.0	0.0	0.013440860215053764	0.009100364014560583	0.010384215991692628	0.010975146740435657	2023-05-28-11:41:14.149823	0.10009149985387591	0.3418660581054718
0.5	4	bev	1.3521447346798476	1.1418224460076207	0.978709422707587	0.018206095067799608	0.01170726886181394	0.012731276227608291	0.03154231101083047	0.03334235963212728	0.030192479779701634	0.4672977135861592	0.395624024833854	0.34054439290496563	0.4011553771083263	2023-05-28-11:45:39.175828	0.21740471265369044	0.17387087581503824
0.5	5	bev	0.0	0.001672613737734166	0.0019511651243170921	0.0	0.0	0.0	0.0	0.0	0.00037534719615644465	0.0	0.0005575379125780553	0.0007755041068245122	0.0004443473398008559	2023-05-28-11:49:51.479746	0.18702105181020734	0.395103335978748
0.5	6	bev	1.5398050735528535	1.8112579165756715	1.8840122332118687	0.0	0.0	0.0	0.0	0.0	0.0	0.5132683578509512	0.6037526388585571	0.6280040777372896	0.5816750248155993	2023-05-28-11:53:56.031045	0.7640015263098537	0.6281103337270014
0.5	7	bev	0.033975636395327004	0.036998212082845885	0.0736599128779538	0.008113956004327443	0.008366800535475234	0.01211361737677527	0.021514629948364887	0.022650056625141562	0.02545248868778281	0.021201407449339776	0.022671689747820894	0.03707533964750396	0.026982812281554875	2023-05-28-11:58:12.546782	0.21944537053898366	0.6030494112022101
0.5	8	bev	0.0	0.0	0.0	0.0	0.0	0.0	0.0	0.0	0.0	0.0	0.0	0.0	0.0	2023-05-28-12:02:16.873144	0.18123878379542793	0.6431751589097493
0.5	9	bev	0.0	0.0	0.012077294685990338	0.0	0.0	0.0	0.0	0.0	0.0	0.0	0.0	0.004025764895330112	0.0013419216317767041	2023-05-28-12:06:21.086554	0.4165019297278091	0.22916653748369634
0.5	10	bev	0.010488462691039856	0.010788121297712916	0.013226994826775355	0.8975116509509458	0.8395890037536845	0.8316901047482919	0.746199835079112	0.3716920583741867	0.34163934433597326	0.5513999829070325	0.4073563944751947	0.3955188146370135	0.4514250640064135	2023-05-28-12:10:41.594986	0.810157624845207	0.45776019969037673
0.5	11	bev	0.007621951219512195	0.006826870562534135	0.007604711020981203	0.5544469328782027	0.4767508205421484	0.5523669799406734	0.035781456385675356	0.018703402343507806	0.019057033346798837	0.19928344682779672	0.16742703114939675	0.19300957476948447	0.1865733509155593	2023-05-28-12:14:58.566607	0.44583533519272256	0.3816156967890685
0.5	12	bev	0.0	0.0	0.0	0.0	0.0	0.0	0.0	0.0	0.0	0.0	0.0	0.0	0.0	2023-05-28-12:18:59.798588	0.5879196093250615	0.4143005571775298
0.5	13	bev	0.0014262893655864902	0.002144107182179572	0.00238945907197961	0.013502285002077273	0.015263496143958869	0.0192492781520693	0.0022569542402527784	0.001059036469364963	0.0013477088948787063	0.00572850953597218	0.0061555465985011345	0.007662148706309205	0.006515401613594174	2023-05-28-12:23:20.937126	0.5425610490324486	0.6616385595625556
0.5	14	bev	0.0020096463022508037	0.0013394053040450041	0.003011645027439432	0.05028735632183908	0.04065040650406505	0.048882681564245814	0.050706184839336796	0.038316147587709744	0.03999422415540445	0.03433439582114223	0.026768653131939935	0.030629516915696566	0.030577521956259568	2023-05-28-12:27:34.246544	0.21875587582652828	0.4253469459553838
0.55	1	bev	0.0	0.0	0.0	0.0	0.0	0.0	0.0	0.0	0.0	0.0	0.0	0.0	0.0	2023-05-28-12:31:43.728472	0.11	0.11
0.55	2	bev	0.0	0.0	0.0	0.0	0.0	0.0	0.0	0.0	0.0	0.0	0.0	0.0	0.0	2023-05-28-12:35:51.299292	0.43361760376205927	0.6762595947537264
0.55	3	bev	0.0	0.0	0.0	0.0	0.0	0.0	0.0	0.0	0.0	0.0	0.0	0.0	0.0	2023-05-28-12:39:54.932469	0.10009149985387591	0.3418660581054718
0.55	4	bev	0.0	0.0	0.0	0.0	0.0	0.0	0.0	0.0	0.0	0.0	0.0	0.0	0.0	2023-05-28-12:43:54.803466	0.21740471265369044	0.17387087581503824
0.55	5	bev	0.0	0.0089671906319232	0.008452192287374538	0.0	0.0	0.0	0.0	0.0	0.0	0.0	0.0029890635439744	0.002817397429124846	0.0019354869910330821	2023-05-28-12:48:11.223893	0.8977956146162559	0.8951227118886144
0.55	6	bev	0.005666364460562103	0.009601181683899557	0.009968985378821444	0.0	0.0	0.0	0.0	0.0	0.0	0.0018887881535207011	0.003200393894633186	0.003322995126273815	0.002804059058142567	2023-05-28-12:52:18.813242	0.9	0.6092844793656866
0.55	7	bev	0.0	0.0	0.0	0.0	0.0	0.0	0.0	0.0	0.0	0.0	0.0	0.0	0.0	2023-05-28-12:56:30.522237	0.21944537053898366	0.6030494112022101
0.55	8	bev	0.0	0.0	0.0	0.0	0.0	0.0	0.0	0.0	0.0	0.0	0.0	0.0	0.0	2023-05-28-13:00:40.058977	0.8969577103900847	0.8818152578215777
0.55	9	bev	0.0	0.0	0.0	0.0	0.0	0.0	0.0	0.0	0.0	0.0	0.0	0.0	0.0	2023-05-28-13:04:45.483933	0.4165019297278091	0.22916653748369634
0.55	10	bev	0.0	0.0	0.0	0.0	0.0	0.0	0.0	0.0	0.0	0.0	0.0	0.0	0.0	2023-05-28-13:08:49.807193	0.810157624845207	0.45776019969037673
0.55	11	bev	0.0	0.0	0.0	0.0	0.0	0.0	0.0	0.0	0.0	0.0	0.0	0.0	0.0	2023-05-28-13:12:57.766686	0.44583533519272256	0.3816156967890685
0.55	12	bev	0.0	0.0	0.0	0.0	0.0	0.0	0.0	0.0	0.0	0.0	0.0	0.0	0.0	2023-05-28-13:17:05.227379	0.5879196093250615	0.4143005571775298
0.55	13	bev	0.002026420137139352	0.002055578684429642	0.0027146076623642697	0.004050769646232784	0.0018653932248918071	0.0022381378692927483	0.0	0.00021086962633902213	0.00021086962633902213	0.0020257299277907123	0.0013772805118868238	0.0017212050526653469	0.0017080718307809608	2023-05-28-13:21:31.332834	0.5425610490324486	0.6616385595625556
0.55	14	bev	0.0	0.0	0.0	0.0	0.0	0.0	0.0	0.0	0.0	0.0	0.0	0.0	0.0	2023-05-28-13:25:32.316541	0.21875587582652828	0.4253469459553838
0.6000000000000001	1	bev	0.0	0.0	0.0	0.0	0.0	0.0	0.0	0.0	0.0	0.0	0.0	0.0	0.0	2023-05-28-13:29:31.326196	0.11	0.11
0.6000000000000001	2	bev	0.0	0.0	0.0	0.0	0.0	0.0	0.0	0.0	0.0	0.0	0.0	0.0	0.0	2023-05-28-13:33:33.264769	0.43361760376205927	0.6762595947537264
0.6000000000000001	3	bev	0.0	0.0	0.0	0.0	0.0	0.0	0.0	0.0	0.0	0.0	0.0	0.0	0.0	2023-05-28-13:37:36.810194	0.10009149985387591	0.3418660581054718
0.6000000000000001	4	bev	0.0	0.0	0.0	0.0	0.0	0.0	0.0	0.0	0.0	0.0	0.0	0.0	0.0	2023-05-28-13:41:39.459941	0.21740471265369044	0.17387087581503824
0.6000000000000001	5	bev	0.0	0.0	0.0	0.0	0.0	0.0	0.0	0.0	0.0	0.0	0.0	0.0	0.0	2023-05-28-13:45:50.298257	0.8977956146162559	0.8951227118886144
0.6000000000000001	6	bev	0.0	0.0	0.0	0.0	0.0	0.0	0.0	0.0	0.0	0.0	0.0	0.0	0.0	2023-05-28-13:49:48.646833	0.8929159197203573	0.8994794418627964
0.6000000000000001	7	bev	0.0	0.0	0.0	0.0	0.0	0.0	0.0	0.0	0.0	0.0	0.0	0.0	0.0	2023-05-28-13:53:51.052858	0.8966122589401804	0.1034738833119115
0.6000000000000001	8	bev	0.0	0.0	0.0	0.0	0.0	0.0	0.0	0.0	0.0	0.0	0.0	0.0	0.0	2023-05-28-13:57:52.381648	0.10393147570219262	0.8979615962039557
0.6000000000000001	9	bev	0.0	0.0	0.0	0.0	0.0	0.0	0.0	0.0	0.0	0.0	0.0	0.0	0.0	2023-05-28-14:01:51.495055	0.8992406617387799	0.10737545045731096
0.6000000000000001	10	bev	0.0	0.0	0.0	0.0	0.0	0.0	0.0	0.0	0.0	0.0	0.0	0.0	0.0	2023-05-28-14:05:55.772978	0.897606316407421	0.8978485312272388
0.6000000000000001	11	bev	0.0	0.0	0.0	0.0	0.0	0.0	0.0	0.0	0.0	0.0	0.0	0.0	0.0	2023-05-28-14:09:55.799011	0.10581967540763718	0.10569361304353707
0.6000000000000001	12	bev	0.0	0.0	0.0	0.0	0.0	0.0	0.0	0.0	0.0	0.0	0.0	0.0	0.0	2023-05-28-14:13:56.070521	0.10681200398062557	0.896221566810933
0.6000000000000001	13	bev	0.0	0.0	0.0	0.0	0.0	0.0	0.0	0.0	0.0	0.0	0.0	0.0	0.0	2023-05-28-14:17:58.117167	0.887036494322834	0.10594824279842063
0.6000000000000001	14	bev	0.0	0.0	0.0	0.0	0.0	0.0	0.0	0.0	0.0	0.0	0.0	0.0	0.0	2023-05-28-14:21:57.018061	0.10824727652720725	0.897148573095679
0.65	1	bev	0.0	0.0	0.0	0.0	0.0	0.0	0.0	0.0	0.0	0.0	0.0	0.0	0.0	2023-05-28-14:25:58.874519	0.11	0.11
0.65	2	bev	0.0	0.0	0.0	0.0	0.0	0.0	0.0	0.0	0.0	0.0	0.0	0.0	0.0	2023-05-28-14:29:58.586632	0.43361760376205927	0.6762595947537264
0.65	3	bev	0.0	0.0	0.0	0.0	0.0	0.0	0.0	0.0	0.0	0.0	0.0	0.0	0.0	2023-05-28-14:34:01.540338	0.10009149985387591	0.3418660581054718
0.65	4	bev	0.0	0.0	0.0	0.0	0.0	0.0	0.0	0.0	0.0	0.0	0.0	0.0	0.0	2023-05-28-14:38:04.572835	0.21740471265369044	0.17387087581503824
0.65	5	bev	0.0	0.0	0.0	0.0	0.0	0.0	0.0	0.0	0.0	0.0	0.0	0.0	0.0	2023-05-28-14:42:06.059493	0.8977956146162559	0.8951227118886144
0.65	6	bev	0.0	0.0	0.0	0.0	0.0	0.0	0.0	0.0	0.0	0.0	0.0	0.0	0.0	2023-05-28-14:46:04.820468	0.8929159197203573	0.8994794418627964
0.65	7	bev	0.0	0.0	0.0	0.0	0.0	0.0	0.0	0.0	0.0	0.0	0.0	0.0	0.0	2023-05-28-14:50:04.588898	0.8966122589401804	0.1034738833119115
0.65	8	bev	0.0	0.0	0.0	0.0	0.0	0.0	0.0	0.0	0.0	0.0	0.0	0.0	0.0	2023-05-28-14:54:07.633150	0.10393147570219262	0.8979615962039557
0.65	9	bev	0.0	0.0	0.0	0.0	0.0	0.0	0.0	0.0	0.0	0.0	0.0	0.0	0.0	2023-05-28-14:58:06.042366	0.8992406617387799	0.10737545045731096
0.65	10	bev	0.0	0.0	0.0	0.0	0.0	0.0	0.0	0.0	0.0	0.0	0.0	0.0	0.0	2023-05-28-15:02:06.276624	0.897606316407421	0.8978485312272388
0.65	11	bev	0.0	0.0	0.0	0.0	0.0	0.0	0.0	0.0	0.0	0.0	0.0	0.0	0.0	2023-05-28-15:06:07.261598	0.10581967540763718	0.10569361304353707
0.65	12	bev	0.0	0.0	0.0	0.0	0.0	0.0	0.0	0.0	0.0	0.0	0.0	0.0	0.0	2023-05-28-15:10:15.380987	0.10681200398062557	0.896221566810933
0.65	13	bev	0.0	0.0	0.0	0.0	0.0	0.0	0.0	0.0	0.0	0.0	0.0	0.0	0.0	2023-05-28-15:14:16.441386	0.887036494322834	0.10594824279842063
0.65	14	bev	0.0	0.0	0.0	0.0	0.0	0.0	0.0	0.0	0.0	0.0	0.0	0.0	0.0	2023-05-28-15:18:19.332088	0.10824727652720725	0.897148573095679
0.7000000000000001	1	bev	0.0	0.0	0.0	0.0	0.0	0.0	0.0	0.0	0.0	0.0	0.0	0.0	0.0	2023-05-28-15:22:23.204262	0.11	0.11
0.7000000000000001	2	bev	0.0	0.0	0.0	0.0	0.0	0.0	0.0	0.0	0.0	0.0	0.0	0.0	0.0	2023-05-28-15:26:25.279717	0.43361760376205927	0.6762595947537264
0.7000000000000001	3	bev	0.0	0.0	0.0	0.0	0.0	0.0	0.0	0.0	0.0	0.0	0.0	0.0	0.0	2023-05-28-15:30:27.994061	0.10009149985387591	0.3418660581054718
0.7000000000000001	4	bev	0.0	0.0	0.0	0.0	0.0	0.0	0.0	0.0	0.0	0.0	0.0	0.0	0.0	2023-05-28-15:34:29.674504	0.21740471265369044	0.17387087581503824
0.7000000000000001	5	bev	0.0	0.0	0.0	0.0	0.0	0.0	0.0	0.0	0.0	0.0	0.0	0.0	0.0	2023-05-28-15:38:31.568877	0.8977956146162559	0.8951227118886144
0.7000000000000001	6	bev	0.0	0.0	0.0	0.0	0.0	0.0	0.0	0.0	0.0	0.0	0.0	0.0	0.0	2023-05-28-15:42:31.260062	0.8929159197203573	0.8994794418627964
0.7000000000000001	7	bev	0.0	0.0	0.0	0.0	0.0	0.0	0.0	0.0	0.0	0.0	0.0	0.0	0.0	2023-05-28-15:46:30.144670	0.8966122589401804	0.1034738833119115
0.7000000000000001	8	bev	0.0	0.0	0.0	0.0	0.0	0.0	0.0	0.0	0.0	0.0	0.0	0.0	0.0	2023-05-28-15:50:31.893299	0.10393147570219262	0.8979615962039557
0.7000000000000001	9	bev	0.0	0.0	0.0	0.0	0.0	0.0	0.0	0.0	0.0	0.0	0.0	0.0	0.0	2023-05-28-15:54:30.910501	0.8992406617387799	0.10737545045731096
0.7000000000000001	10	bev	0.0	0.0	0.0	0.0	0.0	0.0	0.0	0.0	0.0	0.0	0.0	0.0	0.0	2023-05-28-15:58:33.789844	0.897606316407421	0.8978485312272388
0.7000000000000001	11	bev	0.0	0.0	0.0	0.0	0.0	0.0	0.0	0.0	0.0	0.0	0.0	0.0	0.0	2023-05-28-16:02:35.284527	0.10581967540763718	0.10569361304353707
0.7000000000000001	12	bev	0.0	0.0	0.0	0.0	0.0	0.0	0.0	0.0	0.0	0.0	0.0	0.0	0.0	2023-05-28-16:06:34.141944	0.10681200398062557	0.896221566810933
0.7000000000000001	13	bev	0.0	0.0	0.0	0.0	0.0	0.0	0.0	0.0	0.0	0.0	0.0	0.0	0.0	2023-05-28-16:10:33.398831	0.887036494322834	0.10594824279842063
0.7000000000000001	14	bev	0.0	0.0	0.0	0.0	0.0	0.0	0.0	0.0	0.0	0.0	0.0	0.0	0.0	2023-05-28-16:14:35.946281	0.10824727652720725	0.897148573095679
0.75	1	bev	0.0	0.0	0.0	0.0	0.0	0.0	0.0	0.0	0.0	0.0	0.0	0.0	0.0	2023-05-28-16:18:37.520056	0.11	0.11
0.75	2	bev	0.0	0.0	0.0	0.0	0.0	0.0	0.0	0.0	0.0	0.0	0.0	0.0	0.0	2023-05-28-16:22:38.156639	0.43361760376205927	0.6762595947537264
0.75	3	bev	0.0	0.0	0.0	0.0	0.0	0.0	0.0	0.0	0.0	0.0	0.0	0.0	0.0	2023-05-28-16:26:40.792564	0.10009149985387591	0.3418660581054718
0.75	4	bev	0.0	0.0	0.0	0.0	0.0	0.0	0.0	0.0	0.0	0.0	0.0	0.0	0.0	2023-05-28-16:30:40.241799	0.21740471265369044	0.17387087581503824
0.75	5	bev	0.0	0.0	0.0	0.0	0.0	0.0	0.0	0.0	0.0	0.0	0.0	0.0	0.0	2023-05-28-16:34:41.511687	0.8977956146162559	0.8951227118886144
0.75	6	bev	0.0	0.0	0.0	0.0	0.0	0.0	0.0	0.0	0.0	0.0	0.0	0.0	0.0	2023-05-28-16:38:43.687802	0.8929159197203573	0.8994794418627964
0.75	7	bev	0.0	0.0	0.0	0.0	0.0	0.0	0.0	0.0	0.0	0.0	0.0	0.0	0.0	2023-05-28-16:42:46.348256	0.8966122589401804	0.1034738833119115
0.75	8	bev	0.0	0.0	0.0	0.0	0.0	0.0	0.0	0.0	0.0	0.0	0.0	0.0	0.0	2023-05-28-16:46:47.909354	0.10393147570219262	0.8979615962039557
0.75	9	bev	0.0	0.0	0.0	0.0	0.0	0.0	0.0	0.0	0.0	0.0	0.0	0.0	0.0	2023-05-28-16:50:50.942513	0.8992406617387799	0.10737545045731096
0.75	10	bev	0.0	0.0	0.0	0.0	0.0	0.0	0.0	0.0	0.0	0.0	0.0	0.0	0.0	2023-05-28-16:54:54.515922	0.897606316407421	0.8978485312272388
0.75	11	bev	0.0	0.0	0.0	0.0	0.0	0.0	0.0	0.0	0.0	0.0	0.0	0.0	0.0	2023-05-28-16:58:57.135948	0.10581967540763718	0.10569361304353707
0.75	12	bev	0.0	0.0	0.0	0.0	0.0	0.0	0.0	0.0	0.0	0.0	0.0	0.0	0.0	2023-05-28-17:02:56.813726	0.10681200398062557	0.896221566810933
0.75	13	bev	0.0	0.0	0.0	0.0	0.0	0.0	0.0	0.0	0.0	0.0	0.0	0.0	0.0	2023-05-28-17:06:55.946991	0.887036494322834	0.10594824279842063
0.75	14	bev	0.0	0.0	0.0	0.0	0.0	0.0	0.0	0.0	0.0	0.0	0.0	0.0	0.0	2023-05-28-17:10:57.724735	0.10824727652720725	0.897148573095679
0.8	1	bev	0.0	0.0	0.0	0.0	0.0	0.0	0.0	0.0	0.0	0.0	0.0	0.0	0.0	2023-05-28-17:15:00.707738	0.11	0.11
0.8	2	bev	0.0	0.0	0.0	0.0	0.0	0.0	0.0	0.0	0.0	0.0	0.0	0.0	0.0	2023-05-28-17:19:02.551368	0.43361760376205927	0.6762595947537264
0.8	3	bev	0.0	0.0	0.0	0.0	0.0	0.0	0.0	0.0	0.0	0.0	0.0	0.0	0.0	2023-05-28-17:23:06.216022	0.10009149985387591	0.3418660581054718
0.8	4	bev	0.0	0.0	0.0	0.0	0.0	0.0	0.0	0.0	0.0	0.0	0.0	0.0	0.0	2023-05-28-17:27:09.058614	0.21740471265369044	0.17387087581503824
0.8	5	bev	0.0	0.0	0.0	0.0	0.0	0.0	0.0	0.0	0.0	0.0	0.0	0.0	0.0	2023-05-28-17:31:10.610676	0.8977956146162559	0.8951227118886144
0.8	6	bev	0.0	0.0	0.0	0.0	0.0	0.0	0.0	0.0	0.0	0.0	0.0	0.0	0.0	2023-05-28-17:35:13.430330	0.8929159197203573	0.8994794418627964
0.8	7	bev	0.0	0.0	0.0	0.0	0.0	0.0	0.0	0.0	0.0	0.0	0.0	0.0	0.0	2023-05-28-17:39:14.014493	0.8966122589401804	0.1034738833119115
0.8	8	bev	0.0	0.0	0.0	0.0	0.0	0.0	0.0	0.0	0.0	0.0	0.0	0.0	0.0	2023-05-28-17:43:12.265718	0.10393147570219262	0.8979615962039557
0.8	9	bev	0.0	0.0	0.0	0.0	0.0	0.0	0.0	0.0	0.0	0.0	0.0	0.0	0.0	2023-05-28-17:47:13.624503	0.8992406617387799	0.10737545045731096
0.8	10	bev	0.0	0.0	0.0	0.0	0.0	0.0	0.0	0.0	0.0	0.0	0.0	0.0	0.0	2023-05-28-17:51:17.233549	0.897606316407421	0.8978485312272388
0.8	11	bev	0.0	0.0	0.0	0.0	0.0	0.0	0.0	0.0	0.0	0.0	0.0	0.0	0.0	2023-05-28-17:55:19.501737	0.10581967540763718	0.10569361304353707
0.8	12	bev	0.0	0.0	0.0	0.0	0.0	0.0	0.0	0.0	0.0	0.0	0.0	0.0	0.0	2023-05-28-17:59:19.033674	0.10681200398062557	0.896221566810933
0.8	13	bev	0.0	0.0	0.0	0.0	0.0	0.0	0.0	0.0	0.0	0.0	0.0	0.0	0.0	2023-05-28-18:03:20.385746	0.887036494322834	0.10594824279842063
0.8	14	bev	0.0	0.0	0.0	0.0	0.0	0.0	0.0	0.0	0.0	0.0	0.0	0.0	0.0	2023-05-28-18:07:21.738296	0.10824727652720725	0.897148573095679
0.8500000000000001	1	bev	0.0	0.0	0.0	0.0	0.0	0.0	0.0	0.0	0.0	0.0	0.0	0.0	0.0	2023-05-28-18:11:22.602912	0.11	0.11
0.8500000000000001	2	bev	0.0	0.0	0.0	0.0	0.0	0.0	0.0	0.0	0.0	0.0	0.0	0.0	0.0	2023-05-28-18:15:30.367790	0.43361760376205927	0.6762595947537264
0.8500000000000001	3	bev	0.0	0.0	0.0	0.0	0.0	0.0	0.0	0.0	0.0	0.0	0.0	0.0	0.0	2023-05-28-18:19:31.914512	0.10009149985387591	0.3418660581054718
0.8500000000000001	4	bev	0.0	0.0	0.0	0.0	0.0	0.0	0.0	0.0	0.0	0.0	0.0	0.0	0.0	2023-05-28-18:23:33.886307	0.21740471265369044	0.17387087581503824
0.8500000000000001	5	bev	0.0	0.0	0.0	0.0	0.0	0.0	0.0	0.0	0.0	0.0	0.0	0.0	0.0	2023-05-28-18:27:33.720210	0.8977956146162559	0.8951227118886144
0.8500000000000001	6	bev	0.0	0.0	0.0	0.0	0.0	0.0	0.0	0.0	0.0	0.0	0.0	0.0	0.0	2023-05-28-18:31:34.759542	0.8929159197203573	0.8994794418627964
0.8500000000000001	7	bev	0.0	0.0	0.0	0.0	0.0	0.0	0.0	0.0	0.0	0.0	0.0	0.0	0.0	2023-05-28-18:35:34.762456	0.8966122589401804	0.1034738833119115
0.8500000000000001	8	bev	0.0	0.0	0.0	0.0	0.0	0.0	0.0	0.0	0.0	0.0	0.0	0.0	0.0	2023-05-28-18:39:36.877788	0.10393147570219262	0.8979615962039557
0.8500000000000001	9	bev	0.0	0.0	0.0	0.0	0.0	0.0	0.0	0.0	0.0	0.0	0.0	0.0	0.0	2023-05-28-18:43:37.592591	0.8992406617387799	0.10737545045731096
0.8500000000000001	10	bev	0.0	0.0	0.0	0.0	0.0	0.0	0.0	0.0	0.0	0.0	0.0	0.0	0.0	2023-05-28-18:47:38.233499	0.897606316407421	0.8978485312272388
0.8500000000000001	11	bev	0.0	0.0	0.0	0.0	0.0	0.0	0.0	0.0	0.0	0.0	0.0	0.0	0.0	2023-05-28-18:51:39.560820	0.10581967540763718	0.10569361304353707
0.8500000000000001	12	bev	0.0	0.0	0.0	0.0	0.0	0.0	0.0	0.0	0.0	0.0	0.0	0.0	0.0	2023-05-28-18:55:43.207363	0.10681200398062557	0.896221566810933
0.8500000000000001	13	bev	0.0	0.0	0.0	0.0	0.0	0.0	0.0	0.0	0.0	0.0	0.0	0.0	0.0	2023-05-28-18:59:43.409840	0.887036494322834	0.10594824279842063
0.8500000000000001	14	bev	0.0	0.0	0.0	0.0	0.0	0.0	0.0	0.0	0.0	0.0	0.0	0.0	0.0	2023-05-28-19:03:48.573564	0.10824727652720725	0.897148573095679
0.9	1	bev	0.0	0.0	0.0	0.0	0.0	0.0	0.0	0.0	0.0	0.0	0.0	0.0	0.0	2023-05-28-19:07:50.481295	0.11	0.11
0.9	2	bev	0.0	0.0	0.0	0.0	0.0	0.0	0.0	0.0	0.0	0.0	0.0	0.0	0.0	2023-05-28-19:12:16.704466	0.43361760376205927	0.6762595947537264
0.9	3	bev	0.0	0.0	0.0	0.0	0.0	0.0	0.0	0.0	0.0	0.0	0.0	0.0	0.0	2023-05-28-19:16:16.290501	0.10009149985387591	0.3418660581054718
0.9	4	bev	0.0	0.0	0.0	0.0	0.0	0.0	0.0	0.0	0.0	0.0	0.0	0.0	0.0	2023-05-28-19:20:45.882362	0.21740471265369044	0.17387087581503824
0.9	5	bev	0.0	0.0	0.0	0.0	0.0	0.0	0.0	0.0	0.0	0.0	0.0	0.0	0.0	2023-05-28-19:24:45.001189	0.8977956146162559	0.8951227118886144
0.9	6	bev	0.0	0.0	0.0	0.0	0.0	0.0	0.0	0.0	0.0	0.0	0.0	0.0	0.0	2023-05-28-19:28:46.754965	0.8929159197203573	0.8994794418627964
0.9	7	bev	0.0	0.0	0.0	0.0	0.0	0.0	0.0	0.0	0.0	0.0	0.0	0.0	0.0	2023-05-28-19:32:47.530671	0.8966122589401804	0.1034738833119115
0.9	8	bev	0.0	0.0	0.0	0.0	0.0	0.0	0.0	0.0	0.0	0.0	0.0	0.0	0.0	2023-05-28-19:36:47.358301	0.10393147570219262	0.8979615962039557
0.9	9	bev	0.0	0.0	0.0	0.0	0.0	0.0	0.0	0.0	0.0	0.0	0.0	0.0	0.0	2023-05-28-19:40:45.149296	0.8992406617387799	0.10737545045731096
0.9	10	bev	0.0	0.0	0.0	0.0	0.0	0.0	0.0	0.0	0.0	0.0	0.0	0.0	0.0	2023-05-28-19:44:46.999129	0.897606316407421	0.8978485312272388
0.9	11	bev	0.0	0.0	0.0	0.0	0.0	0.0	0.0	0.0	0.0	0.0	0.0	0.0	0.0	2023-05-28-19:49:29.576507	0.10581967540763718	0.10569361304353707
0.9	12	bev	0.0	0.0	0.0	0.0	0.0	0.0	0.0	0.0	0.0	0.0	0.0	0.0	0.0	2023-05-28-19:53:28.529661	0.10681200398062557	0.896221566810933
0.9	13	bev	0.0	0.0	0.0	0.0	0.0	0.0	0.0	0.0	0.0	0.0	0.0	0.0	0.0	2023-05-28-19:57:27.122551	0.887036494322834	0.10594824279842063
0.9	14	bev	0.0	0.0	0.0	0.0	0.0	0.0	0.0	0.0	0.0	0.0	0.0	0.0	0.0	2023-05-28-20:01:26.495419	0.10824727652720725	0.897148573095679
0.9500000000000001	1	bev	0.0	0.0	0.0	0.0	0.0	0.0	0.0	0.0	0.0	0.0	0.0	0.0	0.0	2023-05-28-20:05:29.113945	0.11	0.11
0.9500000000000001	2	bev	0.0	0.0	0.0	0.0	0.0	0.0	0.0	0.0	0.0	0.0	0.0	0.0	0.0	2023-05-28-20:09:32.566384	0.43361760376205927	0.6762595947537264
0.9500000000000001	3	bev	0.0	0.0	0.0	0.0	0.0	0.0	0.0	0.0	0.0	0.0	0.0	0.0	0.0	2023-05-28-20:13:39.859643	0.10009149985387591	0.3418660581054718
0.9500000000000001	4	bev	0.0	0.0	0.0	0.0	0.0	0.0	0.0	0.0	0.0	0.0	0.0	0.0	0.0	2023-05-28-20:17:38.521477	0.21740471265369044	0.17387087581503824
0.9500000000000001	5	bev	0.0	0.0	0.0	0.0	0.0	0.0	0.0	0.0	0.0	0.0	0.0	0.0	0.0	2023-05-28-20:21:36.236020	0.8977956146162559	0.8951227118886144
0.9500000000000001	6	bev	0.0	0.0	0.0	0.0	0.0	0.0	0.0	0.0	0.0	0.0	0.0	0.0	0.0	2023-05-28-20:25:37.223028	0.8929159197203573	0.8994794418627964
0.9500000000000001	7	bev	0.0	0.0	0.0	0.0	0.0	0.0	0.0	0.0	0.0	0.0	0.0	0.0	0.0	2023-05-28-20:29:36.629519	0.8966122589401804	0.1034738833119115
0.9500000000000001	8	bev	0.0	0.0	0.0	0.0	0.0	0.0	0.0	0.0	0.0	0.0	0.0	0.0	0.0	2023-05-28-20:33:35.740483	0.10393147570219262	0.8979615962039557
0.9500000000000001	9	bev	0.0	0.0	0.0	0.0	0.0	0.0	0.0	0.0	0.0	0.0	0.0	0.0	0.0	2023-05-28-20:37:35.891537	0.8992406617387799	0.10737545045731096
0.9500000000000001	10	bev	0.0	0.0	0.0	0.0	0.0	0.0	0.0	0.0	0.0	0.0	0.0	0.0	0.0	2023-05-28-20:41:35.617097	0.897606316407421	0.8978485312272388
0.9500000000000001	11	bev	0.0	0.0	0.0	0.0	0.0	0.0	0.0	0.0	0.0	0.0	0.0	0.0	0.0	2023-05-28-20:45:34.272519	0.10581967540763718	0.10569361304353707
0.9500000000000001	12	bev	0.0	0.0	0.0	0.0	0.0	0.0	0.0	0.0	0.0	0.0	0.0	0.0	0.0	2023-05-28-20:49:32.756463	0.10681200398062557	0.896221566810933
0.9500000000000001	13	bev	0.0	0.0	0.0	0.0	0.0	0.0	0.0	0.0	0.0	0.0	0.0	0.0	0.0	2023-05-28-20:53:31.981136	0.887036494322834	0.10594824279842063
0.9500000000000001	14	bev	0.0	0.0	0.0	0.0	0.0	0.0	0.0	0.0	0.0	0.0	0.0	0.0	0.0	2023-05-28-20:57:31.532651	0.10824727652720725	0.897148573095679
1.0	1	bev	0.0	0.0	0.0	0.0	0.0	0.0	0.0	0.0	0.0	0.0	0.0	0.0	0.0	2023-05-28-21:01:31.661881	0.11	0.11
1.0	2	bev	0.0	0.0	0.0	0.0	0.0	0.0	0.0	0.0	0.0	0.0	0.0	0.0	0.0	2023-05-28-21:05:33.729348	0.43361760376205927	0.6762595947537264
1.0	3	bev	0.0	0.0	0.0	0.0	0.0	0.0	0.0	0.0	0.0	0.0	0.0	0.0	0.0	2023-05-28-21:09:35.513279	0.10009149985387591	0.3418660581054718
1.0	4	bev	0.0	0.0	0.0	0.0	0.0	0.0	0.0	0.0	0.0	0.0	0.0	0.0	0.0	2023-05-28-21:13:35.213637	0.21740471265369044	0.17387087581503824
1.0	5	bev	0.0	0.0	0.0	0.0	0.0	0.0	0.0	0.0	0.0	0.0	0.0	0.0	0.0	2023-05-28-21:17:36.404183	0.8977956146162559	0.8951227118886144
1.0	6	bev	0.0	0.0	0.0	0.0	0.0	0.0	0.0	0.0	0.0	0.0	0.0	0.0	0.0	2023-05-28-21:21:36.927658	0.8929159197203573	0.8994794418627964
1.0	7	bev	0.0	0.0	0.0	0.0	0.0	0.0	0.0	0.0	0.0	0.0	0.0	0.0	0.0	2023-05-28-21:25:36.887361	0.8966122589401804	0.1034738833119115
1.0	8	bev	0.0	0.0	0.0	0.0	0.0	0.0	0.0	0.0	0.0	0.0	0.0	0.0	0.0	2023-05-28-21:29:38.418845	0.10393147570219262	0.8979615962039557
1.0	9	bev	0.0	0.0	0.0	0.0	0.0	0.0	0.0	0.0	0.0	0.0	0.0	0.0	0.0	2023-05-28-21:33:37.549136	0.8992406617387799	0.10737545045731096
1.0	10	bev	0.0	0.0	0.0	0.0	0.0	0.0	0.0	0.0	0.0	0.0	0.0	0.0	0.0	2023-05-28-21:37:38.453002	0.897606316407421	0.8978485312272388
1.0	11	bev	0.0	0.0	0.0	0.0	0.0	0.0	0.0	0.0	0.0	0.0	0.0	0.0	0.0	2023-05-28-21:41:43.840296	0.10581967540763718	0.10569361304353707
1.0	12	bev	0.0	0.0	0.0	0.0	0.0	0.0	0.0	0.0	0.0	0.0	0.0	0.0	0.0	2023-05-28-21:45:46.792685	0.10681200398062557	0.896221566810933
1.0	13	bev	0.0	0.0	0.0	0.0	0.0	0.0	0.0	0.0	0.0	0.0	0.0	0.0	0.0	2023-05-28-21:49:46.496621	0.887036494322834	0.10594824279842063
1.0	14	bev	0.0	0.0	0.0	0.0	0.0	0.0	0.0	0.0	0.0	0.0	0.0	0.0	0.0	2023-05-28-21:53:49.824380	0.10824727652720725	0.897148573095679
