88.23009939605619 76.57656138292943 73.60179936095864 51.569070832637145 44.53810662938801 39.96382116930043 81.11817704090987 60.43903230413882 56.54090690346971 73.6391157565344 60.51790010548542 56.70217581124293 63.61973055775425
88.23009939605619 76.57656138292943 73.60179936095864 51.569070832637145 44.53810662938801 39.96382116930043 81.11817704090987 60.43903230413882 56.54090690346971 73.6391157565344 60.51790010548542 56.70217581124293 63.61973055775425
88.23009939605619 76.57656138292943 73.60179936095864 51.569070832637145 44.53810662938801 39.96382116930043 81.11817704090987 60.43903230413882 56.54090690346971 73.6391157565344 60.51790010548542 56.70217581124293 63.61973055775425
88.23009939605619 76.57656138292943 73.60179936095864 51.569070832637145 44.53810662938801 39.96382116930043 81.11817704090987 60.43903230413882 56.54090690346971 73.6391157565344 60.51790010548542 56.70217581124293 63.61973055775425
88.23009939605619 76.57656138292943 73.60179936095864 51.569070832637145 44.53810662938801 39.96382116930043 81.11817704090987 60.43903230413882 56.54090690346971 73.6391157565344 60.51790010548542 56.70217581124293 63.61973055775425
88.23009939605619 76.57656138292943 73.60179936095864 51.569070832637145 44.53810662938801 39.96382116930043 81.11817704090987 60.43903230413882 56.54090690346971 73.6391157565344 60.51790010548542 56.70217581124293 63.61973055775425
88.23009939605619 76.57656138292943 73.60179936095864 51.569070832637145 44.53810662938801 39.96382116930043 81.11817704090987 60.43903230413882 56.54090690346971 73.6391157565344 60.51790010548542 56.70217581124293 63.61973055775425
88.23009939605619 76.57656138292943 73.60179936095864 51.569070832637145 44.53810662938801 39.96382116930043 81.11817704090987 60.43903230413882 56.54090690346971 73.6391157565344 60.51790010548542 56.70217581124293 63.61973055775425
88.23009939605619 76.57656138292943 73.60179936095864 51.569070832637145 44.53810662938801 39.96382116930043 81.11817704090987 60.43903230413882 56.54090690346971 73.6391157565344 60.51790010548542 56.70217581124293 63.61973055775425
88.23009939605619 76.57656138292943 73.60179936095864 51.569070832637145 44.53810662938801 39.96382116930043 81.11817704090987 60.43903230413882 56.54090690346971 73.6391157565344 60.51790010548542 56.70217581124293 63.61973055775425
87.55804218529823 76.26285436457127 73.5967682528694 50.344220062721845 43.59724344473711 38.741854351964655 80.33739549679414 58.90304617677056 55.42367844268797 72.74655258160475 59.587714662026315 55.92076701584068 62.75167808649058
87.66665818394583 76.29555429825142 73.34146578750013 45.96278214285445 39.38895182346999 35.0810089609453 80.22304464789262 59.12594416569399 55.52354982077684 71.28416165823097 58.27015009580513 54.64867485640742 61.4009955368145
87.52227403974476 76.06272405781603 73.23584265390097 51.081912825147214 43.81257448785988 39.43111392453663 78.87752700021494 59.26934229573476 55.37713108526703 72.4939046217023 59.71488028047022 56.014695887901546 62.74116026335803
87.838454686005 76.17022125209637 72.92005564875687 50.36763123959263 43.018975568276254 38.63452028470223 79.27110660606355 58.7397344216422 55.0650277869656 72.49239751055372 59.30964374733827 55.53986790680824 62.447303054900075
88.1546899600503 76.45763317822059 73.4139057371188 51.45380099400334 44.62861514958078 40.150322236736315 81.82475229513886 60.782214070596396 56.934447242016596 73.81108108306417 60.62282079946592 56.83289173862391 63.75559787371802
87.83499795182698 76.00651593264757 73.06715341159298 51.21456014724103 44.34949609897183 40.08585150536241 77.82664361330353 57.70914169292429 54.25516887633566 72.29206723745718 59.35505124151456 55.80272459776368 62.48328102557847
87.76689979786968 76.0511282761262 72.97741982751393 49.749488837183655 42.68580497745134 38.470514314759654 81.82637302778029 60.85395542485645 57.018517529125944 73.11425388761121 59.863629559478 56.155483890466506 63.04445577918524
88.11913653267973 76.32068710245822 73.18433147785282 49.90257259523374 43.12737406403929 38.5792761097038 81.0485755975853 60.595179699505245 56.57749107965414 73.02342824183292 60.014413622000916 56.11369955573692 63.05051380652359
87.74713849253988 76.24298039831304 73.36340338031478 49.2889673326487 42.64375515853106 38.531943752290374 80.04277617439068 59.764334457078206 55.91285630693426 72.35962733319309 59.55035667130743 55.9360678131798 62.61535060589344
87.17583401390748 75.70596723617184 72.78936717260099 53.306769246878396 45.76191677595148 41.03623331321022 78.79790128994966 58.38194636982641 54.85345800370006 73.09350151691184 59.94994346064991 56.22635282983709 63.089932602466284
79.89709821570338 68.68560401076402 65.59787548879721 49.35446124093452 42.14459418188297 37.812533360581426 73.86227687969362 50.61641440645362 47.66235993227948 67.70461211211051 53.81553753303354 50.35758959388604 57.292579746343364
86.73671884999733 74.33652899284795 69.83096815687246 46.15096477141366 38.9002567387194 34.33305802911137 77.54951126363724 58.33741648655765 54.414470136519064 70.14573162834941 57.191400739375005 52.85949877416763 60.06554371396401
82.81851600625254 71.78143695779559 69.00443412323808 44.35261103535505 38.746429838232025 34.764319124691276 80.13287146608849 56.70120992425639 53.131992177749545 69.10133283589869 55.74302557342801 52.300248475226304 59.048202294850995
86.56526740651769 74.98474554711842 70.37600705710678 24.415971089234226 20.969470989019285 18.07823421607066 66.63165407409495 50.708033585639335 47.33859190443884 59.204297523282285 48.887416707259014 45.26427772587209 51.11866398547113
87.78867107856574 76.19800899054268 73.02863851125568 45.44122928823014 39.09112581590567 35.15416237392691 76.01687878997883 58.083330126555936 54.529814457173785 69.74892638559157 57.790821644334756 54.237538447452124 60.59242882579282
85.89330066786832 74.50336786105642 70.57442449466211 47.052928854517546 41.04769083584608 36.431349976560355 44.99840103354818 34.823791511969475 32.36949495773024 59.31487685197802 50.12495006962399 46.45842314298424 51.966083354862086
83.01731584616533 72.19419464108317 68.73216521855431 45.66346219421056 39.38767090457629 35.131629285316876 70.3876833052394 53.546854510776576 49.899346165223626 66.35615378187175 55.04290668547868 51.2543802230316 57.551146896794016
85.2787838428297 72.73588760218438 69.79558048785697 42.51658589025934 36.561625455337975 32.16097248288442 78.78611649136033 57.560798868566664 53.81939951387636 68.86049540814979 55.61943730869634 51.92531749487258 58.80175007057291
87.07955019957845 75.03742344351927 70.38432124464843 41.09143821585962 35.37261587912229 30.984476667044415 74.39661027570833 56.27435841713548 52.77163539845478 67.5225328970488 55.56146591325901 51.380144436715874 58.15471441567456
85.93430605839252 73.19738967276923 70.21782220430825 38.796324243771494 32.71712403108385 28.60837752118876 67.29821646261294 50.01361027167231 46.860773483237715 64.009615588259 51.97604132517514 48.56232440291157 54.849327105448566
82.78686367580455 71.97062670845939 69.0814093302969 30.86473593408258 26.888497925441772 24.36857194575705 71.37640328532136 53.038908063816834 49.56966771243205 61.6760009650695 50.632677565906 47.67321632949534 53.327298286823606
84.13597522172994 71.21767429392445 66.61823984424039 48.84187290238023 42.35994917041567 38.57743421668049 77.92617582952495 52.72124860858071 49.51442760352627 70.30134131787837 55.43295735764028 51.570033888149055 59.10144418788924
81.79652396250127 68.52221060913799 64.17220849695532 44.841483632116514 38.91766290930021 35.3215966700086 76.06677406736239 52.273782776414826 48.79363549362559 67.5682605539934 53.23788543161768 49.42914688686317 56.74509762415807
68.77783524587035 58.88965940969955 55.6137237996798 28.55577843212004 25.12335186666571 22.55319284950185 64.18130558264198 46.21815781974657 43.67845597171202 53.83830642021079 43.410389698703945 40.61512420696456 45.9546067752931
70.61579887485901 61.82026162937224 59.29057213967033 47.88339765012204 40.29996153870592 35.90316755950057 65.79969400300553 45.28060116863911 41.98774361818366 61.43296350932886 49.133608112239095 45.72716110578485 52.097910909117594
81.4860497016361 71.10557154809175 67.68832718916954 37.65046087939273 33.45198177709748 29.72675913390711 67.5300547097004 47.677617331242956 44.66227699439669 62.22218843024308 50.74505688547739 47.35912110582444 53.44212214051497
85.57934261488246 72.39859748568395 69.62150899835251 47.81920633966236 41.573869200452485 37.47417214856103 70.37548500045408 51.15938021124686 48.30291407306636 67.92467798499963 55.043948965794435 51.79953173999329 58.25605289692911
81.95097131210389 70.78498666668419 66.864711461843 34.30877323997722 28.871544775960757 25.578107456289644 41.128998332009886 30.13765285276716 28.316799384982833 52.46291429469701 43.2647280984707 40.253206101038494 45.32694949806873
83.31537422192925 70.51220489619948 65.59587977438845 24.840761456034176 21.68649972939743 19.390826460240223 52.1443593744221 38.545452323127144 36.31661927187998 53.43349835079517 43.581385649574685 40.43444183550289 45.81644194529091
85.22471640428206 71.48114274707868 66.73400386993092 46.132869565719155 39.258860537055995 34.73631398880906 22.088740226484322 17.331470567160576 16.403602027204787 51.14877539882852 42.690491283765084 39.29130662864825 44.37685777041395
78.54999252443402 65.96351561533896 63.30992038606445 41.721945695360425 36.18394313853713 32.41053641606548 57.275702078882304 44.487568992549484 41.44694974643323 59.182546766225585 48.87834258214186 45.72246884952106 51.26111939929617
79.56462463402295 66.73336578900454 62.09554086318907 24.77723123735193 21.839761913401396 19.66691960720665 63.64049818697701 42.81995946788603 40.283926368070475 55.99411801945063 43.79769572343066 40.682128946155395 46.82464756301222
78.79477974109889 65.21938651774988 62.59104193218998 4.088589373139544 4.190441960208594 3.7693550643669456 48.155510220453735 32.934703705826806 30.89546410522258 43.679626444897394 34.114844061261756 32.41862036725984 36.73769695780633
65.14226840132376 54.629558173288075 52.48769295553838 23.13089499497444 20.002632429141627 17.676379155635033 68.92945047739637 47.155247920269694 44.03428384540812 52.40087129123153 40.595812840899804 38.06611865219384 43.687600928108395
67.10345486854001 59.52123560505711 57.12417711961657 0.0005432027232563192 0.0004757244603925406 0.0005436703183189714 68.15147466683631 51.61390422862859 47.84148721281743 45.08515757936652 37.0452051860487 34.98873600091744 39.03969958877755
65.16657115824555 52.61549618864164 49.8527679678839 24.10176039917474 21.898214474165172 19.822390228937387 37.66292012206639 27.410866309458548 25.653897627000816 42.31041722649556 33.974858990755116 31.776351941274033 36.020542719508235
76.29921582424333 64.36347295964732 59.37340713945151 19.649127202942264 18.117551597672968 16.01973333586793 43.44324956533982 36.96653717632927 35.233054619182305 46.46386419750848 39.81585391121652 36.87539836483392 41.05170549118631
79.5039971568712 67.74740025974161 64.42794858831314 9.712075280193792 8.408530795531298 7.189250513502526 60.87882138155625 40.29834495979129 37.98893696613373 50.031631272873746 38.81809200502139 36.53537868931647 41.79503398907054
83.34968478880471 69.1641513207363 64.4852704371297 42.58491264762405 37.39580264352811 33.991331730534576 69.9160870245569 48.714576405117995 45.548120522558435 65.28356148699523 51.75817678979413 48.00824089674091 55.01665972451009
76.31136047254196 63.84042062297788 60.36530600230583 41.35849031763115 35.29234570015895 31.361156389329363 73.33660352653845 49.110401734174154 45.899031449054014 63.66881810557052 49.41438935243699 45.87516461356307 52.98612402385687
30.344197321663653 29.53079868359318 29.90983158327391 0.09506518504817744 0.11039884838132806 0.08618581096610176 41.04548556440819 26.782419864416685 24.715112868025948 23.828249357040008 18.80787246546373 18.237043420755317 20.291055081086352
47.11038683784564 42.22238723252073 44.00119163223258 23.569109387102614 19.65744415667812 17.03464383418923 15.091070763194978 12.147943445809869 11.314006993648347 28.590188996047743 24.675924945002908 24.11661415335672 25.79424269813579
51.14105138747783 42.92215537835607 42.212290059092574 15.098520856084516 12.53876488312381 11.482342971060685 56.76471435714372 40.61985070114524 38.1564282195447 41.001428866902025 32.02692365420837 30.617020416565982 34.54845764589213
74.70020447965823 64.12332074152202 60.33861382466388 22.5385871187423 20.73295793774926 19.00203502624101 35.2579465906251 26.987433830479702 25.029724850715677 44.165579396341876 37.28123750325033 34.79012456720686 38.74564715559969
61.57763521360607 49.34111342318425 47.097647562614554 26.760202319899395 22.33980010146094 19.406909885304604 38.87199857656538 28.45623353351329 26.425571379177477 42.40327870335695 33.379049019386166 30.976709609032213 35.586345777258444
67.9464598908244 56.88216767543651 55.12515449599211 22.449336097198213 20.551883986184624 19.039657680146906 56.757754485678646 38.01768170436118 35.699471232793435 49.05118349123376 38.483911121994105 36.621427802977486 41.38550747206844
3.434303404118424 5.26288940240595 6.165900671383488 35.932160222133824 32.152348338311974 29.416913549884395 53.166664977607404 33.563442825014135 31.190327119008575 30.84437620128655 23.659560188577355 22.25771378009215 25.587216723318686
64.99182214345545 54.45831765275116 49.15152171994352 27.569161000545872 24.206216953704455 21.646325732479564 65.6793337002411 47.62769179513692 44.86136334193678 52.746772281414145 42.09740880053084 38.55307026478662 44.46575044891054
28.51899295283134 30.91065743456839 32.6354955669063 32.531774287651835 27.76269149015251 24.943854497064834 0.13922267666048976 1.0366098165936868 0.9561621148168739 20.396663305714554 19.903319580438197 19.511837392929337 19.93727342636069
