96.81502306291108 91.11098502929188 88.35114112449635 33.85323189490116 29.81807263255417 28.10552244002762 85.82290881710031 71.67852041800283 67.7892596793542 72.16372125830418 64.2025260266163 61.41530774795939 65.92718501095996
96.81502306291108 91.11098502929188 88.35114112449635 33.85323189490116 29.81807263255417 28.10552244002762 85.82290881710031 71.67852041800283 67.7892596793542 72.16372125830418 64.2025260266163 61.41530774795939 65.92718501095996
96.81502306291108 91.11098502929188 88.35114112449635 33.85323189490116 29.81807263255417 28.10552244002762 85.82290881710031 71.67852041800283 67.7892596793542 72.16372125830418 64.2025260266163 61.41530774795939 65.92718501095996
96.81502306291108 91.11098502929188 88.35114112449635 33.85323189490116 29.81807263255417 28.10552244002762 85.82290881710031 71.67852041800283 67.7892596793542 72.16372125830418 64.2025260266163 61.41530774795939 65.92718501095996
96.81502306291108 91.11098502929188 88.35114112449635 33.85323189490116 29.81807263255417 28.10552244002762 85.82290881710031 71.67852041800283 67.7892596793542 72.16372125830418 64.2025260266163 61.41530774795939 65.92718501095996
96.81502306291108 91.11098502929188 88.35114112449635 33.85323189490116 29.81807263255417 28.10552244002762 85.82290881710031 71.67852041800283 67.7892596793542 72.16372125830418 64.2025260266163 61.41530774795939 65.92718501095996
96.81502306291108 91.11098502929188 88.35114112449635 33.85323189490116 29.81807263255417 28.10552244002762 85.82290881710031 71.67852041800283 67.7892596793542 72.16372125830418 64.2025260266163 61.41530774795939 65.92718501095996
96.81502306291108 91.11098502929188 88.35114112449635 33.85323189490116 29.81807263255417 28.10552244002762 85.82290881710031 71.67852041800283 67.7892596793542 72.16372125830418 64.2025260266163 61.41530774795939 65.92718501095996
96.81502306291108 91.11098502929188 88.35114112449635 33.85323189490116 29.81807263255417 28.10552244002762 85.82290881710031 71.67852041800283 67.7892596793542 72.16372125830418 64.2025260266163 61.41530774795939 65.92718501095996
96.81502306291108 91.11098502929188 88.35114112449635 33.85323189490116 29.81807263255417 28.10552244002762 85.82290881710031 71.67852041800283 67.7892596793542 72.16372125830418 64.2025260266163 61.41530774795939 65.92718501095996
95.23229702835707 90.85420577160319 88.38424669711176 31.99700197537631 28.708913532287966 27.14130768262155 84.59517757699615 70.16235397847818 66.23989843795077 70.60815886024318 63.24182442745644 60.58848427256137 64.81282252008698
96.34609337599238 90.92696373386066 88.20533230727199 31.825127348439285 27.84113481593141 26.284594836129514 84.91174303808631 70.47156007028767 66.70507014194571 71.02765458750599 63.07988620669325 60.398332428449066 64.8352910742161
96.88839921527537 91.07307880442215 88.45824537590505 34.01681819630834 29.929642701794755 27.95314811209352 83.30558515254927 70.12386722214295 66.18226162871721 71.403600854711 63.708862909453295 60.86455170557193 65.32567182324541
95.37490423236112 90.76318167888691 87.92828135404459 33.75349953342279 29.923501617022634 28.453012548976435 84.00298890856654 69.40532969627155 65.7189267547136 71.04379755811681 63.36400433072703 60.7000735525782 65.03595848047401
96.34402796951625 91.04173493925087 88.27334220384046 33.72992989836033 30.45971135864495 28.58937216941507 85.67756751331416 71.70433569726762 67.56587214088215 71.91717512706357 64.40192733172115 61.476195504712564 65.93176598783242
96.63692489209248 90.82256302194969 88.0540354897098 31.508848099821584 28.60729998022927 27.267146069091346 84.96535733388345 71.7815654723954 67.9456969911011 71.03704344193251 63.73714282485812 61.088959516634084 65.28771526114159
96.24064452645287 90.7512258330664 88.14111908144676 32.57724788123359 29.254539352281466 27.66451054672486 85.79495962484056 71.41547600660377 67.62935012964707 71.53761734417567 63.807080397317215 61.14499325260622 65.4965636646997
96.96663251558037 91.0197315833963 88.16956601377122 32.22174323727495 28.984738785142415 27.393550371701686 85.54145298835817 71.41173533874652 67.3574238488144 71.57660958040451 63.80540190242841 60.97351341142911 65.45184163142068
96.40399401673886 90.90490286593555 88.33571569514997 33.9297426977704 29.992710637401615 28.379472948985736 84.69213382162462 71.51525995157854 67.48543848870645 71.6752901787113 64.13762448497191 61.40020904428072 65.73770790265465
97.21275484952956 91.03567405647762 88.22126258188432 31.5887168108936 28.342139674500554 26.517080365841917 83.10863632105733 68.20685379069971 64.81627380019647 70.6367026604935 62.52822250722596 59.85153891597423 64.33882136123123
94.76487842821098 87.56431966187961 84.64786358334273 32.573307524593986 28.463905161858634 26.561594967794598 79.29724208051047 60.12684257229628 56.91613228018257 68.87847601110515 58.718355798678175 56.04186361043997 61.212898473407755
97.05456454180089 90.49991879499221 87.48567737755837 28.739340005946325 25.147068020848085 23.26138406552579 83.2309596510782 68.00378310015923 64.2928179851167 69.6749547329418 61.216923305333175 58.34662647606695 63.07950150478065
95.89088129366094 89.55404076853564 86.905701983984 28.348809752692215 25.805872435982067 24.4492347292046 84.15845681597477 69.61416416154356 65.50114523319628 69.46604928744264 61.65802578868709 58.952027315461635 63.358700797197116
96.96395428943102 90.74573501060209 87.86448586221431 20.77228315122174 18.816792948111654 17.055892314957546 74.5858311717101 59.73022793925309 56.478548986234145 64.10735620412095 56.43091863265561 53.799642387802 58.112639074859516
96.90181867976946 90.93576712031253 88.28346233433676 33.04648074470429 28.88683150420731 27.429103576010526 81.84288742843616 68.08134433697155 64.09024141427712 70.5970622843033 62.63464765383046 59.93426910820813 64.38865968211397
95.58819935087483 90.0377077993444 87.87280071482495 31.310622051209734 28.004641562111644 26.376934764239447 69.63880762335165 53.375300993503636 50.59141794381833 65.51254300847874 57.13921678498656 54.9470511409609 59.199603644808725
96.3877436606881 89.8219962336402 86.61342014071863 30.161037538398105 26.75984712910111 24.842538610758965 73.94553651811228 58.21757155687083 55.129322934644485 66.83143923906617 58.26647163987072 55.52842722870736 60.20877936921475
96.81372676371464 89.81839219875353 87.25511832074227 28.640775174785876 25.212303472041224 23.605585635250556 84.20149932060973 66.89409027581375 63.38855060181514 69.88533375303675 60.641595315536165 58.083084852602646 62.87000464039186
95.25232962435541 90.29120562524054 87.46448924899084 28.585307997781246 25.80936314744207 23.942021917252237 77.01041439040047 62.49795425296062 58.94526025648248 66.9493506708457 59.53284100854774 56.783923807575185 61.08870516232288
96.77957891251273 90.41383414427081 87.61997602526887 24.171150561001 21.544532680760746 20.2344475442073 78.62505415942798 64.30641867824998 60.86863296490201 66.52526121098056 58.75492850109384 56.24101884479273 60.50706951895572
94.71142121377618 89.0586227739898 86.32450685719955 22.604472211616372 20.341850879738374 18.980589286798605 81.43820509447357 65.95194859198423 62.49355276879675 66.2513661732887 58.45080741523747 55.93288297093164 60.21168551981927
96.83116289907335 89.7978850694803 86.86004106173066 28.85407477611893 25.9923736818313 25.048533596804496 81.89924224955163 61.70714308419847 59.07624933751401 69.1948266415813 59.16580061183669 56.99494133201639 61.78518952847813
94.37527373769349 87.46436629046806 84.95236633720948 28.870270612078446 25.944080855942165 24.577909162988885 77.36963219305635 59.23996768146509 56.32928919233354 66.8717255142761 57.54947160929177 55.2865215641773 59.902572895915064
93.23948035858616 84.78363431948766 83.60166262388233 26.066451989589268 23.458350742024848 22.0867156455758 76.81826455344671 62.318585308462445 58.861586900736185 65.37473230054071 56.853523456658316 54.849988390064766 59.02608138242127
96.28164119864815 89.08571145100721 86.18744491285369 26.03354092696814 22.743910092424773 20.845807637999343 72.81512611702576 52.52706934305773 49.83788054694737 65.04343608088068 54.78556362882991 52.2903776992668 57.37312580299246
94.75907032616897 88.85393242104843 85.6756140934866 25.402814856906375 23.613062457188565 22.302196887651306 72.43498318730764 57.16136701327693 53.634227154597546 64.198956123461 56.54278729717131 53.87067937857848 58.20414093307027
97.59579258157893 90.52418101972319 87.86787764090604 30.709184958231894 27.774010329570537 26.46596652835939 78.77572654717031 64.25589939287242 61.18099678107743 69.02690136232705 60.851363580722044 58.50494698344762 62.79440397549891
94.43163042550383 87.85517191755993 86.96209599705247 23.01815998483614 20.156889160089737 18.660476356425765 50.508219300703615 43.53027804333798 41.57258847996045 55.98600323701453 50.514113040329214 49.065053611146226 51.85505662949666
96.25383758650842 88.47547146383987 83.93284847361073 16.409832638280957 15.578706644688278 14.839407306980204 74.46434301375822 61.54529921631842 58.10657447618457 62.376004412849205 55.199825774948856 52.29294341892517 56.62292453557441
96.46113799597534 89.02633402291919 86.24411223511436 31.534593149306627 28.47345631355497 26.518781396491377 63.874211671768975 48.68863470309369 46.170196049405554 63.95664760568365 55.39614167985595 52.9776965603371 57.44349528195889
94.22185095693759 86.16177437767325 84.29499253721563 27.653322880394537 24.8936156827476 23.151696401277817 70.79110132157017 57.432238314438834 53.609647849341194 64.2220917196341 56.1625427916199 53.685445595944884 58.02336003573297
95.56951018676664 86.43080207502354 83.07994918740624 16.48619477915342 14.842886318080199 14.193094052778008 67.5108204214308 46.75410890246144 44.16029102078339 59.85550846245028 49.342599098521724 47.144444753655876 52.11418410487597
95.87067621546093 87.41485996522734 84.81314350376617 7.30509674386329 7.204443582504232 7.164261003204397 69.07355466246723 50.463969774175574 47.76910434152776 57.41644254059715 48.36109110730238 46.58216961616611 50.78656775468854
90.54532542082441 79.89198711194186 78.27755793779711 21.467108838379687 19.155273906097644 17.96658804856373 74.804212835874 56.86819494582303 54.064582495836035 62.27221569835937 51.97181865462085 50.102909494065635 54.78231461568194
93.47361518392286 86.04328980763178 84.15387970763607 0.26873703521530123 0.2622506524136218 0.23601374346966858 76.09145727669383 64.55828610269722 60.70384890977466 56.61126983194399 50.28794218758088 48.36458078696014 51.75459760216167
90.01237334601724 77.99481418882878 75.98392202142708 25.66110421072384 22.730230425032683 21.569138574679332 61.269632528702836 46.07089516156162 43.57806387565888 58.98103669514797 48.931979925141036 47.04370815725509 51.6522415925147
94.43386615314876 84.65625510541489 80.15596797536921 25.489472040024513 22.89627983193673 21.422656068221304 53.42619949309644 43.95440543643424 41.752724616040446 57.78317922875657 50.50231345792863 47.77711621987698 52.020869635520725
94.545752347905 87.01611305769133 84.47127414468756 19.39067387872848 16.918670206169022 15.152053664501883 66.78175246426157 47.05855421612276 44.605931760979324 60.23939289696502 50.3311124933277 48.076419856722914 52.88230841567187
95.94845151714176 87.17290485901664 84.31855527817514 25.612839170162584 23.511113794106258 22.60434435347351 75.56351480175661 57.610376124808916 54.589423675471394 65.70826849635365 56.09813159264394 53.83744110237334 58.54794706379031
95.64496479336866 87.09467271346648 83.53183049564942 26.26989113392676 23.497018745688912 21.839660257393465 78.38743863748043 57.65706067364585 54.60932395310496 66.76743152159194 56.08291737760041 53.32693823538261 58.72576237819166
77.1222552736954 69.15951806602439 68.49503047921553 2.5746678289979426 2.244708408273137 2.061701125635402 60.633683590483834 45.50103403288522 42.83422253815175 46.77686889772573 38.96842016906092 37.79698471433423 41.18075792704029
81.0006949227535 71.77807712837173 71.71927367398551 15.68045688371009 13.938923109640406 12.929102834550262 54.53811893654809 42.61486246027726 40.440403037658186 50.4064235810039 42.77728756609647 41.69625984873132 44.95999033194389
79.53936428860715 68.65788646766195 67.08745528342426 7.758732034549083 6.769442310998468 6.614276107506971 66.60753545801855 49.651227381565924 46.83384984741498 51.30187726039159 41.692852053408785 40.178527079448735 44.39108546441636
92.04967571473655 85.0033246378112 82.56316461690606 20.42324525651436 19.47559082298888 18.645499658656995 39.10098329239607 32.53077000459706 30.41498863229298 50.524634754549 45.66989515513237 43.874550969285345 46.689693626322246
88.60027628395606 74.11540158930356 71.70052453295457 19.344089020218835 16.771497922986537 15.272124087474154 55.300139299349816 40.73770294037183 38.465043242846555 54.41483486784157 43.87486748422064 41.812563954425094 46.700755435495765
94.23742801978266 82.80340598032095 80.45549047854252 11.332329801115122 10.970716013652899 10.79679631813325 66.66549092931639 48.799341098380545 45.985129431533814 57.41174958340472 47.52448769745146 45.7458054094032 50.22734756341979
49.05390212921872 46.52309290044584 46.96394598434218 18.143474273761274 16.71752854588541 16.075185833534086 68.79037253859319 47.76028625865884 44.60494890434167 45.32924964719106 37.00030256833003 35.88136024073931 39.403637485420134
90.70549507394128 81.24976488928863 77.5249583603139 15.406747022665016 14.202690545017962 14.070656010566179 69.00857491599014 52.6853329162572 49.76666812461279 58.37360567086548 49.37926278352126 47.12076083183096 51.624543095405905
85.58229186811931 77.16183464893909 76.34719439582607 26.216752929039057 23.554629878942567 22.479189748783895 1.1112737644590185 3.0650784409922553 3.0115415612002665 37.636772853872465 34.5938476562913 33.945975235270076 35.39219858181128
