94.68171683090682 88.14683953309803 86.38206495794381 57.19293197395279 49.62464770384794 45.572245587329476 84.87213354174274 64.50048256322918 60.53264955082266 78.91559411553412 67.42398993339172 64.16232003203199 70.16730136031927
94.68171683090682 88.14683953309803 86.38206495794381 57.19293197395279 49.62464770384794 45.572245587329476 84.87213354174274 64.50048256322918 60.53264955082266 78.91559411553412 67.42398993339172 64.16232003203199 70.16730136031927
94.68171683090682 88.14683953309803 86.38206495794381 57.19293197395279 49.62464770384794 45.572245587329476 84.87213354174274 64.50048256322918 60.53264955082266 78.91559411553412 67.42398993339172 64.16232003203199 70.16730136031927
94.68171683090682 88.14683953309803 86.38206495794381 57.19293197395279 49.62464770384794 45.572245587329476 84.87213354174274 64.50048256322918 60.53264955082266 78.91559411553412 67.42398993339172 64.16232003203199 70.16730136031927
94.68171683090682 88.14683953309803 86.38206495794381 57.19293197395279 49.62464770384794 45.572245587329476 84.87213354174274 64.50048256322918 60.53264955082266 78.91559411553412 67.42398993339172 64.16232003203199 70.16730136031927
94.68171683090682 88.14683953309803 86.38206495794381 57.19293197395279 49.62464770384794 45.572245587329476 84.87213354174274 64.50048256322918 60.53264955082266 78.91559411553412 67.42398993339172 64.16232003203199 70.16730136031927
94.68171683090682 88.14683953309803 86.38206495794381 57.19293197395279 49.62464770384794 45.572245587329476 84.87213354174274 64.50048256322918 60.53264955082266 78.91559411553412 67.42398993339172 64.16232003203199 70.16730136031927
94.68171683090682 88.14683953309803 86.38206495794381 57.19293197395279 49.62464770384794 45.572245587329476 84.87213354174274 64.50048256322918 60.53264955082266 78.91559411553412 67.42398993339172 64.16232003203199 70.16730136031927
94.68171683090682 88.14683953309803 86.38206495794381 57.19293197395279 49.62464770384794 45.572245587329476 84.87213354174274 64.50048256322918 60.53264955082266 78.91559411553412 67.42398993339172 64.16232003203199 70.16730136031927
94.68171683090682 88.14683953309803 86.38206495794381 57.19293197395279 49.62464770384794 45.572245587329476 84.87213354174274 64.50048256322918 60.53264955082266 78.91559411553412 67.42398993339172 64.16232003203199 70.16730136031927
93.86704504421341 87.79063873637615 85.44855056178541 55.99575991880994 48.87462623178809 44.51805570732606 83.64747266839133 62.39524256228067 58.725005003574516 77.83675921047156 66.3535025101483 62.897203757562 69.02915515939395
94.48999184168045 88.08195297301079 85.4308767811399 56.92662924307768 49.47876426326918 45.68995191937568 84.2469362308443 63.89048751535571 60.082550812908764 78.55451910520081 67.15040158387856 63.73445983780812 69.81312684229582
94.53125701306593 88.0993385421938 85.54319437449102 57.043196678187314 49.44520576340783 45.15506525011282 82.4317060330339 63.735870810386416 59.499863615286685 78.00205324142905 67.09347170532935 63.39937441329685 69.49829978668508
94.56446264926922 88.0957644214992 85.22665458390941 55.7602697647131 48.52894194092245 44.50975064027534 82.55327319410706 63.35233087765114 59.77399706901381 77.62600186936312 66.65901241335759 63.17013409773285 69.15171612681786
94.65582395878818 88.16406856073769 85.4353657364997 56.78088081664575 49.68351913621692 45.59840820993497 84.8737951122068 64.04947365568606 60.065352621270954 78.77016662921358 67.29902045088022 63.69970885590188 69.92296531199855
94.1002177478162 87.80131815029065 85.12722659666554 55.5949086833161 48.81708224457051 44.835052140398474 84.0251858376768 62.890295639543446 58.93284944673418 77.9067707562697 66.50289867813487 62.96504272793273 69.12490405411243
94.50034084635244 88.03131077204809 85.3756427917672 54.997460818257096 48.01470912767283 43.836572349116416 84.19347082207102 64.37953892218286 60.2956830693125 77.89709082889352 66.80851960730126 63.1692994033987 69.29163661319782
94.64415608698415 88.01601948588139 85.23229208145194 54.900320041321635 47.914891767912074 43.86825933810171 83.80127310227421 63.97135455703923 59.965480152802456 77.78191641019333 66.63408860361089 63.022010524118706 69.14600517930764
94.19821983087338 87.92805557874075 85.45409292255242 55.878529132957134 48.818043150952775 44.91469896765289 83.37920679682288 64.01207193785847 60.160467461848 77.8186519202178 66.91939022251734 63.5097531173511 69.41593175336209
94.29209279954313 87.74169547311365 85.06568310027627 57.26659147493386 49.85066651574302 45.67165698739163 82.56673371630573 62.57136170251207 58.90357603426882 78.04180599692758 66.72124123045624 63.21363870731225 69.32556197823203
94.0042585413869 87.28290009512062 84.34084143413045 53.656871111347606 46.28268079729113 42.34829181247631 79.6591578532135 55.198205995005 51.70906393957819 75.77342916864933 62.92126229580558 59.46606572872832 66.05358573106108
94.16762588937523 87.45399860287544 84.6076266818996 54.737883811670216 47.72397972355019 43.26655010064623 81.63194985651974 62.60205055706201 58.555041768939255 76.84581985252173 65.92667629449588 62.14307285049503 68.30518966583755
94.52296296172575 87.3520288923798 84.53179180718898 52.54132038359416 46.32189636711325 42.904457808754024 83.6554231991706 62.824277091015 58.77708548619087 76.9065688481635 65.49940078350268 62.0711117007113 68.1590271107925
94.44947195637326 87.77354614236134 84.94500454905136 53.854003439191715 47.627720201067234 43.3829232082858 74.76744005194502 58.007198739342236 53.983378478825614 74.35697181583667 64.4694883609236 60.77043541205426 66.53229852960483
94.38664434876918 87.73400383121253 85.18228188547717 51.18277852560216 44.6242162896154 41.01070889880266 80.42515229394066 62.43773646828088 58.54826952500722 75.331525056104 64.93198552970294 61.58042010309568 67.2813102296342
93.49494437198844 87.49550091890103 85.08801821652135 55.516630553562784 48.619807282308585 44.44360725474733 80.14072075477563 60.136015262299594 56.385421691957816 76.38409856010895 65.41710782116974 61.97234905440883 67.9245184785625
93.94671462497412 86.93563778859435 83.72689085690655 50.02995309213832 43.43524742450827 39.32472226253114 72.8987239733222 56.22437289955828 52.776971220495014 72.29179723014488 62.19841937088697 58.60952811331091 64.36658157144758
94.30195895362881 87.6744132519249 84.92770502828115 54.21719779589963 47.27788198224997 42.960481858339904 84.261805152557 61.73509100457757 57.98318891081391 77.59365396736182 65.56246207958414 61.95712526581165 68.37108043758586
92.28133506883536 87.25667718751306 84.53542348710454 51.580735888470585 45.2797117355231 40.88265060146439 77.00357958582414 58.819510328848224 55.166335213316856 73.62188351437669 63.78529975062813 60.1948031006286 65.86732878854447
94.20577547129015 87.62381068448798 84.82414232532265 56.1854168326446 48.760329757318985 44.723540409904864 82.02092254224922 62.11835259675025 58.01257216307077 77.470704948728 66.16749767951906 62.52008496609943 68.7194291981155
93.3992186348654 86.93475540808662 84.1451435020112 48.64496408571409 41.96360865089158 38.19348085569057 81.94126318804267 62.26399142987169 58.57835332382616 74.66181530287406 63.72078516294996 60.30565922717597 66.22941989766667
93.25109487457321 86.34821487080167 83.72771639635852 53.46926855386671 47.81108799779374 44.506248506787685 82.14698158042533 55.63801081934145 52.35763215583542 76.28911500295509 63.265771229312286 60.19719901966054 66.5840284173093
91.85467774486835 86.34842681221564 84.51511787510138 50.86936163601678 44.42338787198344 41.0668034652694 79.58459542726717 56.473910221541665 53.09287996679345 74.1028782693841 62.41524163524691 59.55826710238807 65.35879566900637
92.539501093086 85.88387828270518 83.81058430444106 44.72275650697709 40.0238652290937 37.216739599434234 75.22162257888232 55.71155531654828 52.4567765272142 70.82796005964848 60.53976627611572 57.828033477029834 63.06525327093134
92.81361333053752 85.94840812175549 83.4000091180686 52.491241720543755 44.6641345793161 40.31220145152182 80.90585943905054 56.35514947663457 52.62471951876779 75.40357149671061 62.32256405923539 58.7789766961194 65.5017040840218
91.63761807169509 85.86132610868582 82.81803950478135 48.757111014436205 43.14805140782404 39.34403548219249 71.2644832499322 55.362126406674264 51.608023216782996 70.55307077868783 61.45716797439471 57.92336606791895 63.311201607000484
94.86048145458108 87.8541972902353 85.28518220099765 57.254881936678274 50.33765321990678 46.83934718808565 82.94121885970188 62.0167328945437 58.80544529915394 78.35219408365374 66.73619446822859 63.643324896079086 69.57723781598713
91.23686320002491 84.76097296071728 83.9865367467038 48.1317777971081 41.88481538539929 38.28417951890957 50.27667864803333 42.070675625652036 39.894874210345336 63.21510654838878 56.23882132392287 54.05519682531957 57.83637489921042
93.1989739901337 85.55140600816804 80.89479397896116 55.55244021728492 48.72596097770636 44.45147404273236 84.77916994978767 63.27987615592144 59.3391243397259 77.84352805240209 65.85241438059862 61.56179745380647 68.41924662893572
93.06012116583527 86.80674096393888 83.75476559988616 52.89719823312626 46.24843021187335 41.688119086846584 79.54164808002886 57.870755847520506 54.318112717913515 75.1663224929968 63.64197567444425 59.92033246821541 66.24287687855217
93.6859764220763 86.21009634459774 83.93139895443863 49.48331221490949 43.67028084530825 39.64177084575118 69.25798991954647 53.98763009699407 50.363873702511675 70.80909285217741 61.28933576230003 57.9790145009005 63.359147705125984
91.72401864351716 84.63720556337047 80.32133332040429 38.594204579376296 35.028293018694214 31.938307466365963 67.86244868098323 46.07428352799701 43.2171156070282 66.06022396795889 55.246594036687235 51.82558546459949 57.7108011564152
91.36536880369853 84.11126778495208 81.700070593111 35.877091179805014 33.604561214009024 32.30720969377764 77.41458683784991 52.16104163863482 48.83337706569271 68.21901560711781 56.6256235458653 54.28021911752711 59.70828609017008
93.53377377491515 86.33571687613436 83.27728785213986 48.564283735374474 43.47706264770725 39.421074258882925 76.34248886667227 52.84362062658872 49.579188343674 72.8135154589873 60.88546671681011 57.42585015156559 63.70827744245433
88.28415346697105 81.64038052435949 80.07207780522319 41.07466039017345 35.46874319642194 32.64435225712943 76.28687454234459 59.328613962304836 55.31855250986487 68.5485627998297 58.812579227695416 56.01166085740582 61.124267628310314
93.32861906528154 86.25721284577563 82.72810866232575 43.39948711558386 38.838333737763854 35.76139825719222 76.47670525665163 54.81068579230573 51.54350364291158 71.06827047917234 59.96874412528174 56.677670187476515 62.57156159731019
89.31595064720813 81.48346906759778 76.90387480535816 47.93495865504302 42.12140086212145 39.24051193985842 51.502093740318024 42.55541350674514 40.17619967763816 62.9176676808564 55.38676114548812 52.106862140951584 56.80376365576537
91.10008944661645 83.72449703686333 80.68247835933462 37.71205193624593 32.41749270037897 28.50584109327949 66.10500595929805 45.252205515980066 42.56673836025537 64.9723824473868 53.798065084407455 50.5850192709565 56.451822267583594
93.2092949842071 85.19098290293134 81.82052465842364 49.01830831381203 43.70792266746954 40.494388397400996 74.83701206367425 54.20206107723228 50.80954405565563 72.35487178723112 61.033655549211055 57.70815237049342 63.6988932356452
92.58317872234639 84.25452093509614 80.92819523849435 51.91434211443708 45.38713485371114 41.510399962849384 80.38880463182521 57.102002810388065 53.878047148937625 74.96210848953622 62.247886199731774 58.77221411676046 65.32740293534283
76.83936839362168 74.99081744558804 73.42632794071731 40.507221751200774 34.40816993798338 31.083630496772997 68.49762196006361 50.55760526247888 47.151340886734474 61.948070701628694 53.3188642153501 50.553766441408264 55.27356711946235
81.55650966520295 74.96983681937007 74.84726200664633 39.12295087041031 32.75834511091978 29.895070342075375 74.88024580330972 54.771702646291274 51.22533972472778 65.186568779641 54.166628192193706 51.98922402448316 57.114140332105954
89.67154470947791 80.67336743937462 78.08952625573782 46.106956500977425 40.29722003566631 37.61800954814809 62.05483986706988 45.52951243002517 42.439688137002776 65.94444702584174 55.500033301688696 52.715741313629565 58.05340721372001
90.40362937173103 83.37552813786958 80.78606996011011 35.91423184251919 33.31937363166021 31.768156282648963 38.26676463509152 31.897720064350427 29.70375955809742 54.86154194978059 49.53087394462674 47.419328600285496 50.60391483156428
91.93456775001975 84.12151159974586 79.86021334366615 34.68224577688229 29.411785515653253 26.21907911359534 54.853486985260616 41.127456500100614 38.58445151149484 60.490100170720886 51.553584538499905 48.22124798958544 53.42164423293541
89.8298305345397 79.86634167440872 78.27042928521382 31.948729228586043 29.917495879511275 28.270498111031827 61.6010160877652 45.275047781224735 42.443281922336446 61.126525283630315 51.68629511171491 49.66140310619403 54.15807450051308
91.28044928932478 81.76701734825113 77.37597194489844 42.03811375387724 37.70966324332557 34.531999342074556 66.06816752584112 48.23049331956157 44.865436012464805 66.46224352301438 55.902391303712754 52.25780243314593 58.20747908662435
87.4523340164267 79.0870759807763 77.19318392345106 36.59182029155094 32.558531667005234 30.49024033135506 71.03396005880023 52.316802571177256 49.140522924496686 65.0260381222593 54.65413673965293 52.2746490597676 57.31827464055995
72.51904625798139 69.49748144381975 70.34948012102682 40.832118778613975 35.33142173141186 32.33290909021623 38.6417475966433 31.003565840101864 29.163391179165743 50.66430421107955 45.27748967177782 43.94859346346959 46.63012911544232
