96.84048327288188 91.33705119508437 88.720196768956 57.954125528112414 51.39982499174709 48.51409865315037 86.59370172164603 74.49485299681957 70.68788878119084 80.46277017421345 72.41057639455035 69.3073947344324 74.06024710106539
96.84048327288188 91.33705119508437 88.720196768956 57.954125528112414 51.39982499174709 48.51409865315037 86.59370172164603 74.49485299681957 70.68788878119084 80.46277017421345 72.41057639455035 69.3073947344324 74.06024710106539
96.84048327288188 91.33705119508437 88.720196768956 57.954125528112414 51.39982499174709 48.51409865315037 86.59370172164603 74.49485299681957 70.68788878119084 80.46277017421345 72.41057639455035 69.3073947344324 74.06024710106539
96.84048327288188 91.33705119508437 88.720196768956 57.954125528112414 51.39982499174709 48.51409865315037 86.59370172164603 74.49485299681957 70.68788878119084 80.46277017421345 72.41057639455035 69.3073947344324 74.06024710106539
96.84048327288188 91.33705119508437 88.720196768956 57.954125528112414 51.39982499174709 48.51409865315037 86.59370172164603 74.49485299681957 70.68788878119084 80.46277017421345 72.41057639455035 69.3073947344324 74.06024710106539
96.84048327288188 91.33705119508437 88.720196768956 57.954125528112414 51.39982499174709 48.51409865315037 86.59370172164603 74.49485299681957 70.68788878119084 80.46277017421345 72.41057639455035 69.3073947344324 74.06024710106539
96.84048327288188 91.33705119508437 88.720196768956 57.954125528112414 51.39982499174709 48.51409865315037 86.59370172164603 74.49485299681957 70.68788878119084 80.46277017421345 72.41057639455035 69.3073947344324 74.06024710106539
96.84048327288188 91.33705119508437 88.720196768956 57.954125528112414 51.39982499174709 48.51409865315037 86.59370172164603 74.49485299681957 70.68788878119084 80.46277017421345 72.41057639455035 69.3073947344324 74.06024710106539
96.84048327288188 91.33705119508437 88.720196768956 57.954125528112414 51.39982499174709 48.51409865315037 86.59370172164603 74.49485299681957 70.68788878119084 80.46277017421345 72.41057639455035 69.3073947344324 74.06024710106539
96.84048327288188 91.33705119508437 88.720196768956 57.954125528112414 51.39982499174709 48.51409865315037 86.59370172164603 74.49485299681957 70.68788878119084 80.46277017421345 72.41057639455035 69.3073947344324 74.06024710106539
95.25382988469666 91.08603330691966 88.7580402126419 55.993627360566435 50.09329467604182 47.321103357183 85.38554988456222 72.6375673289734 68.77490574890743 78.8776690432751 71.27229843731162 68.28468310624412 72.81155019561028
96.37669121809 91.15990432067275 88.58704102674899 53.37555792768919 47.39520565697634 44.82580356964626 85.69958379960362 72.94535530766754 69.28828672881649 78.4839443151276 70.50015509510554 67.56704377507059 72.18371439510125
96.9059518281572 91.25472371389074 88.78600104913981 56.63331118903645 50.17429089881802 46.98177814081202 84.06393553772737 72.4536658188575 68.52176635429817 79.20106618497368 71.29422681052209 68.09651518141666 72.86393605897081
95.40095613330853 90.94951881352856 88.25021093987144 57.866916916596026 51.51735793861597 48.87534665522691 84.60741343281188 71.87437203376581 68.299745905887 79.29176216090548 71.44708292863677 68.47510116699512 73.0713154188458
96.37736046107783 91.2655923276583 88.65186304783627 58.12626840539351 52.47071112414996 49.434940207236814 86.78008360240958 74.8797606997342 70.78086039368306 80.42790415629364 72.87202138384748 69.62255454958539 74.30749336324216
96.65959686367118 91.01026855800137 88.38484080590294 56.15388610160892 50.77666817265908 47.768955898806055 85.64927528387844 74.33290317265867 70.53438976647945 79.48758608305285 72.03994663443972 68.89606215706281 73.47453162485179
96.27406786148602 90.96683261523637 88.50764569732904 54.86917713688315 49.47588806543267 46.59433933026058 86.74785587127609 74.48627812322223 70.73826177811691 79.29703362321509 71.64299960129709 68.61341560190218 73.18448294213812
96.99994766060244 91.24476759308988 88.5473066532135 56.58254504285021 50.4424310074619 47.598381134128935 86.34823037879092 73.89252985347836 69.87352838316484 79.97690769408119 71.85990948467672 68.67307205683575 73.50329641186455
96.42891642683574 91.14165995816936 88.72457504534185 56.39125810505015 50.37200418158382 47.61509318493588 85.4517495854903 74.26927736183677 70.25924125546432 79.42397470579208 71.92764716719665 68.86630316191402 73.40597501163424
97.23338318487045 91.22183811170969 88.54818072341637 56.38232182836996 50.26734686524651 47.2971966979739 84.1087111103487 70.55420945711369 67.2003931800325 79.24147204119636 70.6811314780233 67.68192353380759 72.5348423510091
94.8056983787455 87.80856487918642 85.02309290684266 54.47258613733086 48.48881806767265 45.45351444367133 80.5292392307287 61.65080813312844 58.50559408351504 76.60250791560169 65.98273035999584 62.99406714467634 68.5264351400913
97.08329311051432 90.69114082226226 87.8070297092448 49.29863382806832 43.224489967943605 40.22176613685785 83.79358162978508 70.8366909452705 67.0864463703362 76.72516952278924 68.25077391182545 65.03841407214628 70.004785835587
95.93155336911659 89.76820292538976 87.26248585957445 49.58124177590134 45.05129340077875 42.63006298760412 85.37089861007553 72.37652534884586 68.2641970580083 76.96123125169781 69.06534055833812 66.0522486350623 70.69294014836608
96.98564742984136 90.91222936381911 88.1761928653709 34.76242493078252 31.109135141746524 28.696178157922464 75.81302274106417 63.7910632229478 60.36744221742991 69.18703170056268 61.93747590950448 59.07993774690775 63.40148178565831
96.9295266755989 91.15198794981067 88.6402705022275 51.81387788719649 46.01013048646767 43.76181985642037 82.13561494395832 70.91994657580544 66.94004632607336 76.9596731689179 69.36068833736125 66.44737889490706 70.92258013372876
95.62922983119574 90.28511087009554 88.27415409604988 52.96599446267928 47.88252419093741 45.284693995538724 70.21924178756406 55.37669003655882 52.59578115565245 72.9381553604797 64.51477503253058 62.05154308241368 66.50149115847466
96.41149762241542 89.99262655033459 86.90999886502419 49.863608654008964 44.6520829366666 41.73051379930513 74.81529369583532 61.13788753025416 57.926641015688574 73.69679999075323 65.26086567241845 62.18905122667263 67.04890562994811
96.84387661922335 90.02566139034126 87.58862412872676 50.40797737926093 44.156753020779504 41.37116760135673 85.17810314910926 69.43021756175447 66.0328566012518 77.47665238253119 67.87087732429175 64.99754944377844 70.11502638353379
95.27514517314222 90.51120680713545 87.85820807096808 49.58887576134445 44.09290719902816 41.2301412942508 77.44422962367115 64.67074311279018 61.15491995907711 74.1027501860526 66.4249523729846 63.41442310809867 67.98070855571194
96.81737355073595 90.64430436610597 87.99453057724962 42.65609572962945 37.79105695805065 35.440282141434814 79.50744235279872 66.89698047589926 63.507679486362036 72.9936372110547 65.11078060001863 62.31416406834882 66.80619395980739
94.76581541084401 89.30349806940441 86.66433616183305 40.7684380593122 36.59994331466726 34.380591495294205 82.4795440729278 68.75410024860831 65.36154524742591 72.67126584769467 64.88584721089332 62.13549096818439 66.56420134225748
96.88636185029769 89.99083826089785 87.23766304800137 52.28027504196601 46.77390826846316 44.68768299939505 82.95569901352054 63.34516762563515 60.849550708881296 77.37411196859473 66.70330471833205 64.25829891875924 69.44523853522868
94.45574982349385 87.70783555782322 85.40038791182374 49.08396594493044 44.17341904834474 41.79380083397256 80.87067358237177 62.83915186025831 59.86917527293693 74.80346311693201 64.90680215547542 62.35445467291108 67.3549066484395
93.27476202274083 85.079353879041 84.12318970108772 39.47422959036096 36.07447793326236 34.17945408577071 77.57765481733317 64.34059445746436 60.99835533417769 70.10888214347831 61.8314754232559 59.76699970701204 63.90245242458208
96.33827293751303 89.30530970381892 86.58446040452266 52.1653033651378 44.82753930509468 41.495770515969774 73.48419934984875 53.638729731537246 51.07120408997295 73.99592521749986 62.59052624681695 59.71714500348846 65.43453215593509
94.81144657132543 89.1264140719741 86.17902245798872 50.03546403607595 45.20972374097063 42.79428545310249 72.97580336740243 60.96937320471939 57.327341065183134 72.60757132493461 65.10183700588804 62.10021632542478 66.60320821874913
97.65737192328136 90.870974809757 88.35752984337152 56.67319534957696 51.08378368483637 48.51344091948901 81.15904276557565 68.41713814151781 65.34373010878078 78.49653667947798 70.12396554537038 67.4049002905471 72.00846750513182
94.49617925617248 88.14149188975321 87.49245895392852 42.12663525947352 36.93977594494407 34.39337054162435 52.03671063003187 48.11375409451806 45.87845236464275 62.88650838189262 57.73167397640511 55.92142728673187 58.8465365483432
96.27155397119249 88.64011302311056 84.22495798658795 30.018376467441936 28.596426748172583 27.293379126574184 75.02784925600324 65.28161603297045 61.78059987981762 67.10592656487923 60.83938526808453 57.76631233099325 61.903874721319
96.4866709838467 89.21913446695028 86.58870390529326 53.62924761367639 48.31872496490169 45.139779931427334 64.12815151566194 49.922684463697095 47.4478276119352 71.41469003772835 62.486847965183024 59.72543714955193 64.54232505082109
94.28680878475714 86.4542393918106 84.69413949285693 46.28716687238114 42.31587613082069 39.52908757704376 72.06294961542125 59.88498038145891 55.99814430662102 70.87897509085317 62.88503196803007 60.07379045884057 64.6125991725746
95.62391998305819 86.80171903486612 83.61303733926682 27.66419384876921 25.417968933135988 24.258889447467805 69.20863013217206 48.71211472865784 46.16719536948507 64.16558132133315 53.64393423221998 51.34637405207324 56.385296535208795
95.98547665151871 87.70278187961061 85.26079129194358 12.181967188538652 11.737709976123782 12.1286513941767 70.99288732344455 52.63961790434488 49.9077439582514 59.72011038783396 50.69336992002642 49.09906221479056 53.17084750755031
90.63339960302721 80.16763671875289 78.72403779186655 37.569803656464714 33.508833826823114 31.61580387021471 77.64587784758562 60.23870339950417 57.45956016482854 68.61636036902586 57.97172464836006 55.933133942303265 60.8404063198964
93.61091582619594 86.46178823072252 84.75707430791907 0.36259370077765596 0.36479399232552634 0.35359288154188084 77.72314595601759 69.67807017742095 65.60667297312503 57.23221849433039 52.168217466823 50.239113387528654 53.21318311622734
90.1176090396374 78.243954570088 76.36785214115834 41.6513709859797 37.86203594526164 35.871065063577134 61.6543552559372 47.22710511144094 44.79046299359013 64.47444509385143 54.444365208930186 52.343126732775204 57.08731234518561
94.47969617311259 84.87585848605154 80.53582735392148 40.20480037550874 36.16294969947022 34.07618382972131 53.740367672474406 48.07557215352901 45.819958807254864 62.80828807369858 56.37146011301692 53.477323330299214 57.55235717233823
94.61595611886449 87.40555345753242 85.04548110975033 28.999007709571966 25.47062239466141 22.882027460660776 68.09264402950012 48.209622669063414 45.85054173962885 63.90253595264553 53.69526617375241 51.259350103346655 56.28571740991487
96.00757722573725 87.50558019875449 84.77058418108412 46.871620712069806 42.17541131177093 40.663165401007646 76.78071878231471 59.38436266400409 56.43918781517795 73.21997224004059 63.021784724843165 60.62431246575657 65.62202314354678
95.69914693184623 87.31586806555647 83.90458037498848 47.35138573505636 42.863184877388726 40.19204650345224 80.58077679358385 60.848063131080245 57.9889790217276 74.54376982016215 63.67570535800848 60.69520196672278 66.30489238163113
77.29480959506466 69.49845767678164 68.98202542825182 4.728853413564477 4.0760488754133855 3.5991847040613347 61.57911888182169 46.872941212590426 44.21461373209025 47.867593963483614 40.14914925492849 38.93194128813446 42.31622816884885
81.23216426450496 72.42395806676731 72.79221223969164 31.82733360060489 28.16175752976514 26.35024820486626 55.239170160895355 44.458472411911885 42.23568606654421 56.0995560086684 48.34806266948144 47.126048837034034 50.524555838394626
79.88970006227431 69.08921090057548 67.66176270093713 15.289570840651995 13.314353557438904 13.192694450916582 67.29071322900649 52.242852027732035 49.427369291648645 54.15666137731093 44.882138828582136 43.42727548116745 47.48869189568684
92.28240466322033 85.46224512053166 83.21336180421237 31.6166263492661 30.20786451834635 29.071114858521163 39.91603399001779 36.531524695565594 34.08199362773106 54.605021667501404 50.733878111481204 48.78882343015487 51.375907736379155
88.79878140788713 74.3810768269039 72.11714715132429 31.623166929872472 27.240460777741728 25.01047576277802 55.91302184717358 42.94720722063617 40.66784125124332 58.778323394977726 48.18958160842726 45.93182138844855 50.96657546395117
94.32688653294062 83.10344296114464 80.99137070441465 24.748748685387685 22.928637852967814 22.475189740884176 67.13329355796073 52.32175270414727 49.35535558053928 62.06964292542968 52.78461117275324 50.94063867527937 55.264964257820765
49.120569206189124 46.675511799681885 47.21983005565248 34.93988494570347 31.337932333168713 29.96421353469697 69.16526765790063 48.62494953178845 45.53916716824499 51.07524060326441 42.21279788821301 40.90773691953148 44.731925137002975
90.88737404602689 81.70696717214547 78.24708232017055 28.95478186681056 26.530001720136376 26.30008310815169 71.28003008256081 55.767115216673055 52.939451297017 63.707395331799425 54.668028036318304 52.49553890844641 56.95698742552137
85.81280586301197 77.75002556603525 77.26843131672551 38.09523421470757 34.0245793192944 32.352614253827085 1.155765879722605 3.9279257539844443 3.782613615306259 41.68793531914738 38.5675102131047 37.80121972861962 39.3522217536239
