0.010866701791359325 0.005142999018692141 0.0062447572001118464 0.22822673875536664 0.19624666649497294 0.20738168515049013 5.742468414286541 2.834012092194 2.5462605284383453 1.993853951611089 1.011800585902555 0.9199623235963158 1.30853895370332
6.571114080293962 5.95408669138638 5.725408557390978 0.0009176717357105402 0.001496467047268182 0.0006651609393846227 33.32101928230484 20.67720614911795 19.16334463905473 13.297683678111504 8.877596435850533 8.29647278579503 10.15725096658569
1.3408553734834145 1.5583254295006381 2.0608649505706045 0.034596920897252054 0.035144052984071195 0.03290260470289022 0.04752140647326265 0.02010776335234673 0.021123254120045194 0.4743245669513098 0.5378590819456853 0.70496360313118 0.572382417342725
0.7215264896657491 1.4226407309773519 1.703338483922931 2.7081063048103737 2.3221194641935607 2.057122648394122 13.715271820726555 8.641568533334878 8.084471142033712 5.714968205067559 4.128776242835264 3.9483107581169214 4.597351735339915
11.035922460229077 12.5458569899369 13.328654503757125 1.892822069525929 1.6759794845373477 1.531531467906293 17.30003823348582 11.734527528923671 11.120334111741823 10.076260921080276 8.652121334465972 8.66017336113508 9.129518538893777
8.172978255230987 7.291491916298866 7.675744494036232 0.0012520868113522537 0.001304937884956676 0.0006514294222751639 30.10608434426223 20.037830650712113 18.685629885261985 12.760104895434855 9.110209168298645 8.787341936240164 10.21921866665789
12.762567386332963 12.593093327712179 11.818901211061414 0.00500709338229158 0.0031953593550290045 0.0022334960594748094 0.9831806487300289 1.1353228799448345 1.0489019488913425 4.583585042815094 4.577203855670681 4.290012218670744 4.4836003723855065
6.552872529994424 5.691709911678231 5.472187913095559 0.8380318263303898 0.6789084330312609 0.5036898624041878 6.273124103553967 2.9885320039411094 2.8636223260016878 4.554676153292927 3.119716782883534 2.946500033833811 3.540297656670091
1.5414986444358074 1.7144217899578973 1.7303407716052943 6.0026781177870285 5.53182923446061 5.350334668407843 10.135286388693107 6.081905555869603 5.463759695241997 5.893154383638648 4.442718860096036 4.181478378418379 4.839117207384353
13.008471752030557 12.26646381924202 12.73883719772291 1.317859905308846 1.0738513611431977 1.0169568855873021 0.27355627150263523 0.12142636035649577 0.10634216357421221 4.866629309614012 4.4872471802472385 4.620712082294808 4.658196190718686
0.09357041467033275 0.1329473594168949 0.20242905071869616 0.06181004787164988 0.07531972736692127 0.07348217409258276 0.21299665114678348 0.19364170713666223 0.1660313450105829 0.1227923712295887 0.1339695979734928 0.14731418994062062 0.1346920530479007
0.39605082208259157 0.3028556402844764 0.3229117732593483 0.06855763889839289 0.057931741142894316 0.05701954873263146 0.0 0.00043024323083983474 0.00043024323083983474 0.1548694869936615 0.1204058748860702 0.12678718840760653 0.1340208500957794
0.002645280875391693 0.001353651617086812 0.0017840375586854462 0.1471117162219758 0.10993223862817957 0.1809434845258967 0.5989242167041278 0.3479818004114561 0.3500844693790081 0.24956040460049844 0.1530892302189075 0.1776039971545301 0.19341787732464533
0.39285081951512013 0.2390779025909568 0.22058005169487216 0.7033029705422353 0.6312042805448318 0.7139705088631976 1.0144438235248505 0.6536888051222717 0.6977322610225323 0.7035325378607352 0.5079903294193534 0.5440942738602007 0.5852057137134297
0.1907883893511872 0.4402992352318658 0.5725684847177328 0.41348153647305314 0.3297682516949455 0.3192393932977543 0.0 0.0 0.0 0.2014233086080801 0.2566891623089371 0.29726929267182906 0.2517939211962821
0.053092679014834575 0.08537210266723885 0.1417998823183809 0.0 0.0 0.0 0.0 5.582143096377561e-05 5.582143096377561e-05 0.017697559671611525 0.028475974699400875 0.04728523458311489 0.031152922984709095
0.45875278395878966 0.7892682045153134 0.963195350953965 0.007246986719360932 0.007004602018608249 0.004908665272284233 0.01128826654261783 0.005110835066847556 0.00355509617795525 0.1590960124069228 0.2671278805335897 0.32388637080140154 0.25003675458063807
6.219632220380168 5.102804580136561 5.157642745021102 2.473066980000789 2.4709172278835125 2.1760268488173224 7.320547652596551 4.250632830706481 3.88601024939864 5.337748950992503 3.9414515462421846 3.7398932810790213 4.339697926104569
1.3631942487892392 2.038958061690599 2.321508971043956 1.8902407572152162 1.4746634900365063 1.607052662785257 14.382471870069669 8.517367714666756 7.791021293064284 5.878635625358041 4.01032975546462 3.906527642297833 4.5984976743734975
0.23775745668309195 0.24000459191813647 0.23140271099008014 0.0 0.0 0.0 0.03333333333333334 0.000762660158633313 0.000762660158633313 0.09036359667214176 0.08025575069225659 0.07738845704957115 0.08266926813798985
0.0012625837513888418 0.0005490008185103112 0.0011642605282416339 0.02676615485921542 0.016480980608334587 0.01659298311695123 0.0 0.0 0.0 0.009342912870201421 0.005676660475614967 0.005919081215064288 0.006979551520293559
0.004487882716665004 0.003036342686306873 0.0043575697211155374 0.005065679150363332 0.003516382052289086 0.005087655688927881 0.000998402555910543 0.0004744669025444982 0.0012250196845964647 0.0035173214743129595 0.0023423972137134857 0.003556748364879961 0.0031388223509688016
0.04671680985862422 0.04486582885796143 0.028507317619720175 0.54660369045475 0.5184389937401215 0.4980867475686749 0.33829727057655445 0.1621177905532721 0.1966132929622358 0.3105392569633096 0.24180753771711835 0.2410691193835436 0.26447197135465716
0.0011065619121389842 0.000658159949321684 0.000945995969234566 0.0035079513564078573 0.00419639110365086 0.00419639110365086 0.0 0.0 0.0 0.001538171089515614 0.0016181836843241813 0.001714129024295142 0.0016234945993783125
0.01292466765140325 0.009913482335976928 0.012780386019822641 0.0014296476770895242 0.0004594084611833465 0.0005714336935233032 0.00124750499001996 0.00019329498360858542 0.00019329498360858542 0.005200606772837578 0.0035220619269229533 0.004515038232318177 0.00441256897735957
0.011121164140842946 0.01484530517223928 0.01883528422686413 0.20093589815198232 0.2462050017534061 0.26014890039824373 0.001472078246256333 0.0033564373533545504 0.00360945554998233 0.07117638017969387 0.0881355814263333 0.0941978800583634 0.08450328055479688
0.01736111111111111 0.0030100953968695008 0.004712728464879928 0.0 0.0 0.0 0.0 0.0 0.0 0.005787037037037036 0.0010033651322898336 0.0015709094882933093 0.002787103885873393
0.00038516236074899256 0.0005516815252890812 0.0008037977077580663 3.2458433754000717 2.893661697668387 2.7714320374252566 0.0 0.0 0.0 1.0820761792536069 0.9647377930645588 0.9240786117110048 0.9902975280097235
0.000984064503841026 0.0008286229533904043 0.0010875997632871105 0.000868834892409279 0.001427418243389577 0.0016720854621458429 0.0023131514692841153 0.0038102814689848752 0.003187226719092536 0.0013886836218448067 0.0020221075552549522 0.0019823039815084964 0.0017976983862027518
0.00023788001332128076 0.000642171670468323 0.0012583461736004108 0.17069704611677936 0.09777746971659197 0.11654106506750642 9.047481181239141e-05 0.0001431331854290417 0.00019680390458946706 0.05700846698063768 0.03285425819082977 0.0393320717152321 0.04306493229556652
0.001356300013563 0.00039716582467511834 0.0005030553996378 0.008294615878954671 0.0037560968663375768 0.0025587271223405784 0.0 0.002449779519843214 0.002449779519843214 0.003216971964172557 0.002201014070285303 0.001837187347273864 0.002418391127243908
0.0035644051130776797 0.0019253807975355126 0.002637732405611954 0.00041457994759709464 0.0004468181292513431 0.0005407743889249406 0.0008912655971479501 0.001023990637799883 0.001023990637799883 0.0016234168859409082 0.0011320631881955796 0.0014008324774455927 0.0013854375171940265
0.0 0.0001204006935079946 0.00018059669146861228 0.0 1.9301442203761466e-05 2.8952051542372292e-05 0.0 0.0 0.0 0.0 4.656737857058536e-05 6.984958100366152e-05 3.8805653191415634e-05
0.0 0.0 0.0 0.0 0.0 0.0 0.0 0.0 0.0 0.0 0.0 0.0 0.0
0.0 0.0 0.0 0.0009439899307740716 0.0006072382803011902 0.0006072382803011902 0.0 0.0 0.0 0.0003146633102580239 0.00020241276010039673 0.00020241276010039673 0.00023982961015293913
0.0 0.0009665838166252417 0.0009665838166252417 0.0029239766081871348 0.002912904165452956 0.002912904165452956 0.0 0.0010412328196584756 0.001561524047470331 0.0009746588693957116 0.0016402402672455578 0.0018136706765161763 0.0014761899377191486
0.0 0.0008506294658046955 0.0008212492374114224 0.0 0.0 0.0 0.0 0.0007778469197261978 0.0007778469197261978 0.0 0.0005428254618436311 0.0005330320523792067 0.00035861917140761257
0.0 0.0 0.0 0.0 0.0 0.0 0.0 0.0 0.0 0.0 0.0 0.0 0.0
0.0 0.0 0.0 0.0 0.0 0.0 0.0 0.0 0.0 0.0 0.0 0.0 0.0
0.0 0.001053518752633797 0.001229018891776108 0.0 0.0 0.0 0.0 0.0 0.0 0.0 0.00035117291754459897 0.0004096729639253693 0.00025361529382332277
0.0 0.0 0.0 0.0 0.0 0.0 0.0 0.0 0.0 0.0 0.0 0.0 0.0
0.0 0.0 0.0 0.0 0.0 0.0 0.0 0.0 0.0 0.0 0.0 0.0 0.0
0.0 0.0 0.0 0.0 0.0 0.0 0.0 0.0 0.0 0.0 0.0 0.0 0.0
0.0 0.0 0.0 0.0 0.0 0.0 0.0 0.0 0.0 0.0 0.0 0.0 0.0
0.0 0.0 0.0 0.0 0.0 0.0 0.0 0.0 0.0 0.0 0.0 0.0 0.0
0.0 0.0 0.0 0.0 0.0 0.0 0.0 0.0 0.0 0.0 0.0 0.0 0.0
0.0 0.0 0.0 0.0 0.0 0.0 0.0 0.0 0.0 0.0 0.0 0.0 0.0
0.0 0.0 0.0 0.0 0.0 0.0 0.0 0.0 0.0 0.0 0.0 0.0 0.0
0.0 0.0 0.0 0.0 0.0 0.0 0.0 0.0 0.0 0.0 0.0 0.0 0.0
0.0 0.0 0.0 0.0 0.0 0.0 0.0 0.0 0.0 0.0 0.0 0.0 0.0
