1.9460530127277074 3.296913796773667 3.979428911010066 1.0147663524960615 0.9203049282284967 0.9987981628968507 23.613478108129843 13.14934262879107 12.1989824706328 8.858099157784538 5.788853784597745 5.725736514846571 6.790896485742952
35.6800912176933 27.511132309928225 26.387361779121004 0.15723588122609447 0.151743016398159 0.17080442040233548 32.92068607989576 20.50662188517661 19.41071572706134 22.91933772627172 16.056499070500998 15.322960642194893 18.099599146322536
13.316183162956923 10.500544467549917 12.311707950224134 0.2423302249053766 0.19476793956889504 0.19088881817405234 2.4159536281025784 1.4465158810361691 1.5137587030338207 5.324822338654959 4.04727609605166 4.672118490477335 4.681405641727985
19.518201569791792 20.572810309004687 23.341254487500226 2.441817135541715 2.2438098574443703 2.1090242039617078 31.63070515083259 21.02005857760175 19.99481709229613 17.86357461872203 14.612226248016933 15.148365261252687 15.874722042663885
58.77766718502541 50.3662357001472 50.65527669010612 3.8817817296391515 3.17720344928747 3.1935886071527357 43.95014141159707 28.307610801320376 26.68768740832584 35.53653010875388 27.283683316918346 26.845517568528233 29.888576998066824
47.85979202293261 37.33650277253409 38.358869760242456 0.12485619757892212 0.1222373739591821 0.131888256076318 39.56531211301645 26.19847561743633 24.724425517330793 29.18332011117599 21.219071921309865 21.071727844549855 23.82470662567857
51.82546553551938 47.98296189578946 45.46356292207269 0.19714678873052538 0.1642775312083232 0.21684773495389523 7.949691511790155 10.684728430666121 9.80608738364787 19.990767945346686 19.610655952554634 18.495499346891485 19.3656410815976
58.996983167969844 45.74104181670286 42.87347574704562 3.0800955856394374 2.3449897123613304 2.0767329716967398 30.824095432825388 18.414986801577236 16.90538452155251 30.96705806214489 22.16700611021381 20.61853108009829 24.584198417485666
28.781299504984393 28.06010208801873 26.87141917271717 13.78561963463081 12.156701875369617 11.292630891309688 32.41486094330096 19.609185429168637 17.855034589990357 24.993926694305387 19.94199646418566 18.67302821800574 21.202983792165597
58.04438302120569 43.34618712479445 40.50959444540826 2.213266842232271 2.0068503608834987 1.9906594130523667 0.2947299364984899 0.13360762027161444 0.11803479560785606 20.184126599978818 15.16221503531652 14.206096218022829 16.51747928443939
5.678984774219374 6.198360673413282 7.982441224695055 1.0127677701162539 1.1280317063566674 1.0329555083792497 3.9962435014707 2.807666811327869 2.697042688735203 3.5626653486021094 3.37801973036594 3.904146473936502 3.6149438509681837
6.936574871763157 6.8860620272900315 7.6906164244527355 0.547741729622152 0.4176252920016761 0.43976250308555936 0.0008069215922170902 0.0009124861406425643 0.0010110974916448885 2.4950411743258423 2.4348666018107834 2.710463341676647 2.5467903726044243
0.2713960925546707 0.32831902781899125 0.8335082368191014 0.1388535426215073 0.1948242997218426 0.23125910288372514 4.789460129254794 2.453009110115803 2.469630174843007 1.733236588143657 0.9920508125522122 1.1781325048486113 1.3011399685148268
8.912074690808442 6.209988405720455 6.398459194843903 1.1224487937726457 1.0216258443803887 1.3117573724660851 6.450294951675846 4.993220175155947 4.945750660977842 5.494939478752311 4.07494480841893 4.21865574276261 4.59618000997795
10.440299596122046 13.668538987809347 15.826662620071524 1.2614577073299544 1.3324681744670532 1.2921945103301289 0.0013700130244618332 0.0015136915224964694 0.0019189245863053728 3.901042438825487 5.000840284599632 5.706925351662654 4.869602691695924
4.574447496745678 4.710626900503264 6.198087974390869 0.0012519554133745303 0.0012791350678866458 0.001327046178421898 0.0005243781087446587 0.0018047211509779925 0.0015434603278243683 1.525407943422599 1.5712369189073765 2.0669861602990385 1.721210340876338
7.397129796225553 9.593977518724648 11.274183142844599 0.04415631105237036 0.06726968764036934 0.07751142720041866 0.38268233889375747 0.4397985997096178 0.3677468507288181 2.607989482057227 3.3670152686915453 3.9064804735912784 3.2938284081133506
40.22242389847018 30.494731531087993 29.132075784872253 2.0197114956070474 1.9929914750819793 1.9635621351594599 15.572836500061914 9.425246449867595 9.051104726562386 19.27165729804638 13.970989818679188 13.382247548864699 15.541631555196757
25.548181664078566 26.17909393940184 26.77332029204188 2.078854702958289 1.512307882128885 1.6884827167828926 35.43313312835329 21.568066488578207 20.167206994229016 21.02005649846338 16.41982277003631 16.20967000101793 17.883183089839207
4.269220282156137 3.660749265091007 3.980067260681417 0.00026378671657363947 0.00016340420680657373 0.00016340420680657373 1.6403964120288315 0.6925343363936918 0.7023869525025777 1.9699601603005144 1.4511490018971684 1.5608725391302671 1.6606605671093166
0.21065660425058416 0.31205338351705875 0.7027208701589028 0.10830925293464895 0.08051916146180396 0.09806464952446518 0.021523246598317048 0.03460918209943711 0.036717478086752936 0.11349636792785006 0.14239390902609994 0.27916766592337366 0.17835264762577455
0.26129777324904485 0.36836549238803307 0.47725099434824547 0.1867358976918252 0.1499048385981163 0.19936258889605285 0.228024779743171 0.1853697499388245 0.26765113914888966 0.22535281689468034 0.23454669364165795 0.314754907464396 0.25821813933357807
5.187400385353808 4.928649773508094 5.797360450367652 0.585470083606521 0.5751673680832644 0.6127276990204051 2.2606093992322838 1.5188034553309435 1.5488087294484354 2.677826622730871 2.3408735323074343 2.652965626278831 2.5572219271057115
0.01862368351586427 0.03659667681434723 0.0810493755032788 0.00736819011472723 0.009853318240177652 0.013134263375678008 0.0 0.0 0.0 0.008663957876863833 0.015483331684841626 0.0313945462929856 0.01851394528489702
0.730228989169494 0.5428200460339897 0.7735209545467777 0.015570561383559582 0.017325057266598005 0.02518139812526225 0.21427718348417074 0.11263686027756503 0.10846737008656723 0.3200255780124081 0.22426065452605093 0.3023899075862024 0.28222538004155384
0.8076572866637743 1.4033234649101203 1.6555540027028262 0.6025797457557541 0.5670496911743955 0.6461618001898514 0.05742761526987182 0.05867189873795161 0.061727514105119514 0.48922154922980005 0.6763483516074892 0.7878144389992657 0.6511281132788516
0.0018443196316354103 0.002441226089872838 0.005492627091965909 0.007540525148854807 0.009195804614689404 0.01175034010534615 0.0002811221640291627 0.0006303410486827043 0.0006821298451641669 0.00322198898150646 0.004089123917748316 0.005975032347492076 0.00442871508224895
0.04821405073048891 0.09161388063621989 0.2599454046962021 4.752446022879849 3.6522483310924856 3.546796709491727 0.00128933766319083 0.0005038134743011382 0.00014523133418164775 1.600649803757843 1.2481220084010023 1.2689624485073703 1.3725780868887383
0.18483924338775098 0.23241844234451756 0.36265880574258363 0.00921159274671342 0.01428981062185291 0.021171509140033722 0.10729190306558571 0.12149348417839058 0.11325267376139894 0.10044757973335004 0.12273391238158703 0.16569432954800545 0.1296252738876475
0.012897597669481252 0.01736804611526274 0.054895802697177344 0.17670238816094 0.14124540144160924 0.15785598586566385 0.3705909407441295 0.13714716901556614 0.17460287931922244 0.18673030885818362 0.0985868721908127 0.12911822262735453 0.1381451345587836
0.033551032779184024 0.04069499599338365 0.07628671750955926 0.08555969099886698 0.053521666331278285 0.062651319415807 0.13008733174691817 0.040740873284586636 0.04883476057091542 0.08306601850832306 0.04498584520308286 0.06259093249876056 0.06354759873672217
1.5301601253743258 1.5540487386862432 1.7636483830800747 0.16334219819977597 0.14359984847490198 0.22030696017866386 0.6992825022638866 0.2907408630153045 0.2914266780887237 0.7975949419459961 0.6627964833921499 0.7584606737824874 0.7396173663735444
0.010696155172700846 0.01653092416535967 0.019428456274807555 0.0046869792719381 0.0050235914557565445 0.006014335646823879 0.0004796993230670431 0.00028737287230304245 0.00045309821843581325 0.005287611255901996 0.007280629497806419 0.008631963380022416 0.007066734711243611
0.0 0.0 0.0 0.0 0.0 0.0 0.0 0.0 0.0 0.0 0.0 0.0 0.0
0.0003266677881203489 0.0009389656010935672 0.0013173737353099756 0.0009122519515291676 0.0009898149660171327 0.0012191944732358791 6.320678693922692e-05 0.0002871019714528283 0.0002871019714528283 0.0004340421755295812 0.0007386275128545093 0.0009412233933328943 0.0007046310272389951
0.0008874353880340444 0.0031206795678762047 0.0028251476805483022 0.0025693012748287 0.0036780642783118397 0.0037316955882387057 0.0010813245295613176 0.002039972750293388 0.002440950041585556 0.001512687064141354 0.0029462388654938106 0.002999264436790855 0.00248606345547534
0.00023197425031809373 0.001206659870056072 0.0028252569831141547 0.00013147544353089605 0.00016468211843865914 0.00023558056628035918 0.0 0.002072130840783516 0.0024271808454060747 0.00012114989794966326 0.0011478242764260823 0.0018293394649335295 0.0010327712131030916
0.0 0.00021082534827298927 2.3196249253541322e-05 0.0 0.001044486469701962 0.001044486469701962 0.0 0.0 0.0 0.0 0.0004184372726583171 0.00035589423965183445 0.00025811050410338385
0.0 0.0 0.0 0.0 0.0 5.128644489515405e-07 0.0 0.0 0.0 0.0 0.0 1.7095481631718017e-07 5.698493877239339e-08
0.0016191216574820118 0.0029457311003893297 0.004623614897303751 0.0005024372393755574 0.00031639868704583365 0.0006989601619556981 0.00023202014566542242 0.0007355332819441378 0.0008263456130621442 0.0007845263475076638 0.001332554356459767 0.002049640224107198 0.001388906976024876
3.6928411845125607e-06 6.315010890791047e-05 0.0001175113010800751 0.0 0.0004329485281703279 0.0005273876049896478 0.0 0.0 0.0 1.230947061504187e-06 0.0001653662123594128 0.00021496630202324097 0.00012718782048138597
0.0 4.4042765095880595e-05 5.966015112758895e-05 0.00013157065729378086 0.0001885407129397277 0.0002766776591182546 0.0020723453778568436 0.003662550363364501 0.004124177544096219 0.0007346386783835414 0.0012983779471333696 0.0014868384514473542 0.001173285025654755
0.0 0.00013910632946532815 0.00016519227030876768 0.00025977136939244735 0.00023758912981414516 0.000418396839091745 0.0 0.0 0.0 8.659045646414912e-05 0.00012556515309315776 0.00019452970313350423 0.00013556177089693705
0.003204966198988342 0.0031407294778906486 0.007140487084608839 0.0002171950510479379 0.00019372676297802827 0.0002783410202097717 0.00010051688957325312 5.025724951352889e-05 5.025724951352889e-05 0.001174226046536511 0.001128237830127402 0.002489695118110713 0.0015973863315915419
0.0008511252957245799 0.0006543964409081775 0.001103723018749153 0.003016052167542145 0.0018192726091594692 0.00151406063406752 0.0 0.0 1.54053131064216e-05 0.0012890591544222417 0.0008245563500225489 0.0008777296553076982 0.0009971150532508298
0.0 0.0 0.0 0.0 0.0 0.0 0.0 0.0 0.0 0.0 0.0 0.0 0.0
0.0 0.0 0.0 0.0 0.0 0.0 0.0 0.0 0.0 0.0 0.0 0.0 0.0
0.0 0.0 0.0 0.0 0.0 0.0 0.0 0.0 0.0 0.0 0.0 0.0 0.0
0.00070477525427505 0.00042554225622648886 0.0010464400170455618 0.0 0.0 0.0 0.0 1.1858839037818563e-05 1.623055082195551e-05 0.00023492508475834997 0.00014580036508810248 0.00035422352262250574 0.00024498299082298614
0.0005503741123836572 0.0005138840500326079 0.0008658907870134086 0.008028654396837347 0.0066791261828803355 0.0029412160301129746 0.0 0.0 0.0 0.002859676169740335 0.002397670077637648 0.0012690356057087945 0.002175460617695592
