20.883283498809856 25.032428383143234 24.54951820211628 4.896940682752563 4.621004813197311 5.018804156382654 28.989648715943204 17.741323784172693 16.234468554605648 18.25662429916854 15.798252326837746 15.26759697103486 16.44082453234705
51.57059442669778 40.15676028534231 37.44241682946585 6.565880027906489 6.513582788008152 6.146632571919697 39.02915396825569 24.51133668874878 22.91061666928284 32.388542807619984 23.727226587366413 22.16655535688946 26.094108250625286
13.019846374991134 12.582223985861122 13.402051052523072 0.32963108379084627 0.29255718377763196 0.25297573727665706 6.340642534491671 3.1381652674529503 2.9076169529150384 6.563373331091217 5.337648812363901 5.52088124757159 5.8073011303422355
28.30622948725342 28.459284199936185 29.581539553166458 15.401110896446845 14.876359800060806 14.015266560045674 33.22208905212229 20.81073830944408 19.36956376226629 25.643143145274184 21.382127436480356 20.988789958492806 22.67135351341578
50.363702801146545 46.47049036065232 46.03361297627405 17.751656449798375 15.064501518106036 14.32211359000998 30.30430668242272 20.87688290808149 19.75981069284025 32.806555311122544 27.470624928946616 26.70517908637476 28.99411977548131
53.997905183792916 46.000475885305505 44.79325512024694 15.561689664379298 15.716039862487365 14.978090373667088 40.9751972440483 31.27378668744311 29.404538244722744 36.84493069740684 30.996767478411993 29.72529457954559 32.522330918454806
40.33664050825793 41.00755996193685 40.930474910702294 17.381970183765528 12.472324486376147 11.959821064934337 7.442284554232052 8.02377236682786 7.553046202052569 21.7202984154185 20.501218938380287 20.1477807258964 20.78976602656506
34.25108666903663 34.13406972080379 32.87560748940515 9.855942526297154 8.11349075767146 6.847525362022284 45.91758836463089 28.65381609360694 26.938501755211842 30.008205853321556 23.633792190694066 22.220544868879756 25.287514304298455
14.3867713140407 17.913041689880817 19.23510024098324 21.96012806676073 19.22745653688954 18.30982821948692 25.98518868518197 15.255003876921302 14.433275153385672 20.777362688661132 17.46516736789722 17.32606787128528 18.522865975947877
43.273460381233846 39.6739682261588 37.89828905036618 12.475619166739763 10.57168752361601 9.28515053000754 0.6706643245178477 1.03894805571195 1.0401878726974187 18.806581290830486 17.094867935162252 16.074542484357046 17.3253305701166
2.533205084214158 2.885897414822473 3.734157200360534 2.002580556392363 1.9466134724143374 1.7885334557139947 1.3203259353204222 1.240847750380095 1.1102923745471127 1.9520371919756478 2.024452879205635 2.210994343540547 2.0624948049072764
13.82109840715804 12.194157054744496 11.049960240488252 2.2574076440773787 1.872865203839409 1.7502278105684634 9.905828589542086e-05 0.0034510076009721356 0.0028824881691645876 5.359535036507104 4.690157755394959 4.26769017974196 4.772460990548008
0.1529307980841848 0.21741147033359276 0.3810627672416639 0.6187711273206072 0.6842158260035163 0.9187556208042076 1.7611586900762386 1.2331270918851545 1.2671560389277545 0.8442868718270103 0.7115847960740878 0.8556581423245421 0.8038432700752134
17.59993468655644 12.800336502805203 11.155156802223317 4.650229767889332 4.9123118935179555 5.080722646267001 15.621228932670961 10.94888104132877 10.700920684721153 12.623797795705578 9.553843145883976 8.978933377737157 10.385524773108905
5.390937978084711 8.621453528364723 9.660270461235646 5.740219946480448 4.7538021607719045 4.493683733715138 5.788036646104961 4.087720234792581 3.664408246892896 5.639731523556706 5.820991974643069 5.939454147281228 5.800059215160334
5.23862940213234 6.247531274703939 7.818906828481123 0.00016417126346204361 0.00030777564386664694 0.00030777564386664694 0.0003151690882158278 0.00016392751593609635 0.00016392751593609635 1.746369580828006 2.082667659287914 2.606459510546975 2.145165583554298
6.575256284334105 9.094125823496155 10.188986318058246 0.41509228128744263 0.28357420479355483 0.2870276840346564 0.2610222970585231 0.18847149964383772 0.17316445887796134 2.417123620893357 3.1887238426445155 3.549726153656955 3.051857872398276
28.00393636027647 28.34498092385573 27.023459274934915 11.918806591800635 12.313998568495757 12.557263629616012 17.69681233029119 11.12812771554557 10.337880145585181 19.2065184274561 17.262369069299016 16.63953435004537 17.702807282266832
11.988037776540299 15.756148820016477 15.994111682874815 4.880939231127836 3.858051301751121 4.176993675955241 28.975485513041587 17.658864292446278 16.52826513045966 15.281487506903241 12.424354804737959 12.233123496429904 13.31298860269037
3.789988321832193 3.188951803351039 3.469180539853104 0.02477905649315041 0.06976747905251003 0.06056215622458169 0.5735267465592079 0.394261588818389 0.4051041726580974 1.4627647082948503 1.2176602904073126 1.3116156229119278 1.3306802072046968
1.4164533384984759 1.6236745443050407 1.680493413833868 0.36899457336448427 0.24601845663340904 0.23840994578446809 1.06287599346339 0.8661853092489677 0.8662959046269505 0.9494413017754502 0.9119594367291392 0.9283997547484288 0.929933497751006
0.07863630229232585 0.14229591981866802 0.14490161949781033 0.08925499637722449 0.0732735907621564 0.09254341439500062 0.014043129151367188 0.01580471022746776 0.025366596235069115 0.06064480927363917 0.07712474026943072 0.08760387670929336 0.07512447541745441
0.849538078249534 0.9850903270180931 1.195582679553294 1.9993796878133383 1.7937579540610296 1.786140970878981 1.0363059283254017 0.7257055733893926 0.7400365952149509 1.2950745647960913 1.1681846181561717 1.2405867485490754 1.234615310500446
0.018680561102582705 0.016394262245343533 0.02136377343096904 0.5546936190058098 0.6245951135657959 0.5514354104796156 0.11031929851839127 0.0471222053865606 0.042765035335182916 0.22789782620892793 0.22937052706590003 0.20518807308192255 0.2208188087855835
0.14174227581186197 0.041750167000668005 0.055281389389769384 0.06884905047665595 0.05622577218962675 0.06117289842207063 0.13265366461770955 0.042308715240319386 0.033390261370898705 0.11441499696874248 0.04676155147687139 0.0499481830609129 0.07037491050217559
4.445322172157196 5.639632218356466 5.61271776565093 2.2491471983169995 1.7795308316785972 1.8555032661218769 0.014798072282420024 0.01986498355966479 0.02225460595659364 2.2364224809188715 2.4796760111982428 2.496825212576467 2.404307901564527
0.003172588832487309 0.0029895008729342552 0.0052567441638192635 0.0 0.0 0.0 6.991246958807573e-05 5.997258396161755e-05 5.997258396161755e-05 0.0010808337673584615 0.0010164911522986242 0.0017722389159269606 0.0012898546118613487
1.1362736358304049 0.8072596053466583 0.9464234593894114 11.647525513900034 9.553221202843117 8.958412312482643 0.8560723940170385 0.4020243412679975 0.4009674230969753 4.546623847915826 3.5875017164859244 3.4352677316563436 3.8564644320193633
0.03285675935987679 0.04515589118050906 0.06079522199105824 0.005621777930933524 0.006994855971098896 0.00864931296684121 0.09395170863103008 0.07555014953676521 0.0717183086928395 0.04414341530728013 0.042566965562791055 0.047054281216912984 0.044588220695661394
0.03938392182414488 0.031895224509578345 0.052971295118707885 0.505120629373696 0.3455478641238438 0.38496547972248407 0.570899168965981 0.2962728701977146 0.31651626243048875 0.3718012400546073 0.22457198627704558 0.2514843457572269 0.28261919069629327
0.31769540628255377 0.27819867748509963 0.25656257259104615 0.10627076694959671 0.05104773185359053 0.05109095114441861 0.006963788300835655 0.000663643402278509 0.0007189311153386718 0.14364332051099538 0.10997001758032289 0.10279081828360113 0.11880138545830647
0.12802852141585414 0.13806316535874302 0.13830040277721098 0.0800238625757716 0.07450782345848683 0.09099976648684754 0.015630247627174344 0.019801790095555674 0.017857247184653712 0.0745608772062667 0.07745759297092851 0.08238580548290407 0.07813475855336643
0.003863032325854503 0.0015071796558149733 0.0016441058804186992 0.007726001810642008 0.006249839777696783 0.00780378343753407 0.000372079178449174 0.00026680896478121667 0.000400192092204258 0.003987037771648562 0.002674609466097658 0.003282693803385676 0.003314780347043965
0.0 0.0 0.0 0.0 0.0 0.0 0.0 0.0 0.0 0.0 0.0 0.0 0.0
0.00010038850350857819 0.0002422574518392186 0.00027455489805938135 0.0018884552436107262 0.0016701081015425728 0.001973524410978868 0.0 0.0 0.0 0.0006629479157064348 0.0006374551844605972 0.0007493597696794165 0.000683254289948816
0.022103303862261517 0.004116523011871849 0.004658446655829997 0.0036897343391275833 0.004351136734471881 0.004893964110929853 0.006026439360781134 0.0002910134569766608 0.00031106617936466654 0.010606492520723411 0.0029195577344401304 0.003287825648708172 0.005604625301290571
0.0010744985673352436 0.003045994517209869 0.0012303516568735646 0.0005156694764923475 0.000526194940874823 0.0005740198610871936 0.0 0.0011671335200746967 0.0011671335200746967 0.0005300560146091971 0.0015797743260531297 0.0009905016793451517 0.0010334440066691593
0.0 0.0 0.0 0.0 0.0 0.0 0.0 0.0 0.0 0.0 0.0 0.0 0.0
0.0 0.0 0.0 0.0 0.0 0.0 0.0 0.0 0.0 0.0 0.0 0.0 0.0
0.0008625588569572983 0.002156245824171819 0.002905322793467866 0.0009149130832570905 0.00093694368968425 0.0006306760847628658 0.0 0.0 0.0 0.0005924906467381296 0.0010310631712853564 0.0011786662927435773 0.0009340733702556878
0.0 0.0 0.0 0.0 0.0035842293906810036 0.0035842293906810036 0.0 0.0 0.0 0.0 0.0011947431302270011 0.0011947431302270011 0.0007964954201513341
0.0 0.0 0.0 0.0 0.0 0.0 0.0 2.203681911738132e-05 2.4716094461617553e-05 0.0 7.34560637246044e-06 8.238698153872518e-06 5.194768175444319e-06
0.0 0.00015794128795855624 0.00015794128795855624 0.0 0.0 0.0 0.0 0.0 0.0 0.0 5.264709598618541e-05 5.264709598618541e-05 3.5098063990790275e-05
0.0 0.0040453074433656954 0.0027339478206530234 0.000536319560647016 0.00041849008776334985 0.0005380329515292092 0.0 0.0 0.0 0.00017877318688233864 0.0014879325103763486 0.0010906602573940774 0.0009191219848842549
0.0 0.0 0.0 0.0 0.0 0.0 0.0 0.0 0.0 0.0 0.0 0.0 0.0
0.0 0.0 0.0 0.0 0.0 0.0 0.0 0.0 0.0 0.0 0.0 0.0 0.0
0.0 0.0 0.0 0.10560283527606056 0.1466575251267832 0.16444557077458366 0.0 0.0 0.0 0.03520094509202019 0.048885841708927735 0.054815190258194556 0.04630065901971416
0.0 0.0 0.0 0.0 0.0 0.0 0.0 0.0 0.0 0.0 0.0 0.0 0.0
0.0 0.0003054554340521718 0.0003054554340521718 0.0 0.0 0.0 0.0 0.0 0.0 0.0 0.0001018184780173906 0.0001018184780173906 6.787898534492707e-05
0.0 0.0 0.0004003523100328289 0.0 0.0 0.0 0.0 0.0 0.0 0.0 0.0 0.00013345077001094297 4.448359000364766e-05
