2.0330886135614517 3.5107358185321966 4.232903633716971 1.63355138709272 1.5600396126966096 1.6991491812745254 27.593974292201395 15.34141659892278 14.155985673121114 10.42020476428519 6.804064010050529 6.696012829370869 7.97342720123553
36.03235669299539 28.190458226632238 27.16427916050586 0.30577686441616037 0.31162950667149575 0.32874960202252473 40.023526251708056 25.70082681803147 24.09878399289333 25.453886603039866 18.0676381837784 17.197270918473905 20.239598568430722
15.297172557475431 12.264124431931204 14.145952653496519 0.3830265851045578 0.3271750137065566 0.33208503981274756 2.4797449595838286 1.5269305667367117 1.6009341554446566 6.053314700721272 4.70607667079149 5.359657282917975 5.373016218143579
20.302959253229815 21.733651772780334 24.693676858932815 4.585113957058453 4.3589063442299345 4.004183744753457 34.471031564742745 23.277154825209045 22.19682406990854 19.78636825834367 16.456570980739773 16.96489489119827 17.735944710093904
60.100718662034524 51.79481646913737 52.40943397861415 7.2263099035610345 5.817441772006958 6.013702637548861 45.728459720943896 30.423080603649964 28.94775722625702 37.68516276217982 29.345112948264767 29.123631280806677 32.05130233041709
48.14144581165601 37.600433585870476 38.80491369257899 0.19937751506867396 0.21688963343258183 0.22979689269199827 41.678330176937585 27.86691748307426 26.35211743356732 30.006384501220754 21.894746900792438 21.79560933961277 24.565580247208658
52.20841450526852 48.483402571704644 46.18408644730305 0.4496124622361646 0.35259993036976106 0.443755935913543 8.584761563769094 12.132944563601018 11.15228125991764 20.41426284375793 20.32298235522514 19.260041214378077 19.99909547112038
59.761646764670786 46.646102456253146 43.821215797649685 5.647552750978995 4.299272793855661 3.827219829502382 31.930970931958168 19.47832022693179 17.878077847409497 32.44672348253598 23.474565159013533 21.84217115818719 25.9211532665789
29.099578652734888 28.434135652601523 27.27606476568968 22.144133486597593 19.35343527230959 17.995079916332863 39.59671358586553 23.621684432620967 21.786134410614203 30.280141908399333 23.803085119177357 22.35242636421225 25.478551130596315
60.89572127513645 45.48971291558111 42.39950483970081 3.996945570740804 3.6698076144648093 3.7610205899962454 0.32957724633155444 0.14943055968257007 0.13132521639193662 21.74074803073627 16.436317029909496 15.430616882029662 17.869227314225142
6.366687356327345 6.989437244697052 8.831112912806397 1.5532593498958631 1.72171808924057 1.5751587349423686 7.54144513288469 5.048999967244133 4.94605245959878 5.153797279702633 4.586718433727252 5.1174413691158485 4.952652360848578
8.764220064994214 8.277193502258228 9.131531872458702 1.0195182766050261 0.8148477932267454 0.8567466214302658 0.0015178113130641857 0.0021722335340468987 0.0024874861398974744 3.2617520509707685 3.0314045096730067 3.3302553266762884 3.207803962440021
0.3753730077877041 0.42656031432034297 1.0211732741891018 0.28949449717255843 0.41314142323299163 0.5123184806339882 6.273387132880312 3.3571789935065053 3.3717302064636523 2.312751545946858 1.3989602436866135 1.6350739870955806 1.7822619255763508
9.475487984885675 6.789070693624674 7.049071903410025 1.9776257832008668 1.9787575202984247 2.550274046322749 8.518603822118868 6.440399786015758 6.365149378175185 6.657239196735136 5.069409333312952 5.321498442635986 5.682715657561357
11.459663804802075 15.014818939760023 17.505091621505528 2.268661446340147 2.3190429588116523 2.3489286534865155 0.0016637409593024015 0.001960423765977489 0.002425911553279392 4.576662997367174 5.7786074407792185 6.6188153955151074 5.6580286112205
5.180843110871754 5.45666716988244 7.009896767513249 0.0023518344308560675 0.0023841961852861036 0.002489616477617741 0.0008339256741259638 0.0031732940110980098 0.0027606578605953447 1.728009623658912 1.820741553359608 2.338382347283821 1.9623778414341138
10.356364072141035 13.382149945090452 15.085107294723532 0.06805390169345442 0.10617213079765984 0.12606850673440884 0.4020778443033087 0.49830118672023194 0.41734136414282674 3.6088319393792663 4.6622077542027816 5.209505721866923 4.49351513848299
41.93812091618106 32.06750389163514 30.669646546818313 3.3779898706341904 3.3345803329783994 3.2154288061594296 20.468512163492974 13.02475090128381 12.484524887738866 21.928207650102745 16.142278375299117 15.456533413572203 17.842339812991355
26.309923846051745 27.466718306423065 28.163706825660807 4.039561264231205 2.917557969182663 3.3539801888772804 35.981643685152555 22.20992876292014 20.76644265738464 22.110376265145167 17.531401679508622 17.428043223974242 19.02327372287601
5.903531053813514 4.752578260493655 5.027290207016191 0.0004081299485756265 0.00035282827142373263 0.00035282827142373263 1.9556020892479715 0.8727028257710361 0.9237228343947589 2.619847091003354 1.8752113048453714 1.9837886232274577 2.159615673025394
0.24401818672482234 0.3550865571724579 0.8012413952807428 0.20367182187668265 0.1444745403755555 0.16901306125597287 0.337553941555349 0.2739759959738534 0.3436603836585058 0.261747983385618 0.2578456978406223 0.4379716133984071 0.31918843154154913
0.31900339070185685 0.4969593461488996 0.6258947419945361 0.37784614491968754 0.3068828983259887 0.38989442295395565 0.26729136746380483 0.2338654841133399 0.3352552102317662 0.3213803010284497 0.34590257619607606 0.450348125060086 0.37254366742820394
5.580761979958747 5.410297631699057 6.4566170452204 0.9388289436835489 0.9164819273066777 0.9859559112148247 2.393584030666349 1.6547616624518684 1.6803568708400711 2.9710583181028816 2.6605137404858676 3.0409766090917656 2.890849555893505
0.02936797463800697 0.05882929606635384 0.12310934379217862 0.014600179694519317 0.02012882447665056 0.026104417670682733 0.0 0.0 0.0 0.014656051444175429 0.0263193735143348 0.049737920487620456 0.030237781815376896
0.8698052672860955 0.657101246468546 0.9453543683428736 0.03533548783786355 0.03583359537329703 0.04998929549071856 0.2518746963212921 0.13104084082639184 0.1333693855944337 0.3856718171484171 0.2746585608894116 0.37623768314267525 0.345522687060168
1.32435084279315 2.3620600525241238 2.6661557659270585 1.1748811011340077 1.0593935509240526 1.2200371470208538 0.07344632279443643 0.08639901384525271 0.08897493375751578 0.8575594222405315 1.1692842057644763 1.3250559489018092 1.117299858968939
0.0032993966817496233 0.004003327440989914 0.007890476092882176 0.014390421602880534 0.017106402645715734 0.0217473094817976 0.0005825821421160596 0.0011518161658582223 0.0012446212243887686 0.006090800142248738 0.007420515417521291 0.010294135599689514 0.007935150386486517
0.05076304690764928 0.10473101363986051 0.2993887948723617 9.577541764816248 7.471256989478493 7.125213507374699 0.001313370107696349 0.0005076786394212463 0.0001462263844389131 3.209872727277198 2.525498560585925 2.4749161762105003 2.7367624880245405
0.2549896234059017 0.33657106543391646 0.4999566008319103 0.018050940144934195 0.028665326736018893 0.03836694028822291 0.1387963804834343 0.15904942047829151 0.14841766995210195 0.13727898134475672 0.17476193754940894 0.22891373702407838 0.1803182186394147
0.019416787347280078 0.02470489382974491 0.07433487189693763 0.39790321231839754 0.2973180436745218 0.3367202862169025 0.3825709221064434 0.14575037611307423 0.18498854059746517 0.2666303072573737 0.15592443787244697 0.1986812329037684 0.2070786593445297
0.04826388492821726 0.06569976995823833 0.11684195348431678 0.16074867661655495 0.10079083783054153 0.11763124869701752 0.4059850598420663 0.11199275430461 0.12327088811969562 0.20499920712894615 0.09282778736446329 0.11924803010034331 0.13902500819791755
1.659088121914091 1.7385899576645312 2.0201374546622333 0.32078523221486477 0.2896687480204751 0.40734055625154253 0.8497842512870585 0.36336135667312036 0.36479450154457027 0.9432192018053381 0.7972066874527087 0.930757504152782 0.8903944644702764
0.020747414420286034 0.03422831465591479 0.03687438189802445 0.010448552681837697 0.010728942749727792 0.012939464488254601 0.0013409619166815663 0.0006692992436918546 0.0008365680631776202 0.010845643006268432 0.015208852216444814 0.016883471483152224 0.014312655568621824
0.0 0.0 0.0 0.0 0.0 0.0 0.0 0.0 0.0 0.0 0.0 0.0 0.0
0.000611878083291904 0.0017961728688088165 0.0023569477046215415 0.0017848643503093763 0.001947178361537917 0.002477700693756194 6.756574146644684e-05 0.0003547283198397463 0.0003547283198397463 0.000821436058355909 0.0013660265167288266 0.0017297922394058274 0.0013057516048301876
0.00250641642605069 0.00784355756489204 0.006503986702960518 0.0041274558362225525 0.006680026720106881 0.007235084594835263 0.0014968527433066633 0.0036847586844111716 0.004301699982583484 0.002710241668526635 0.006069447656470031 0.006013590426793089 0.004931093250596585
0.0004721817495008364 0.0025689958896065765 0.005021405113769646 0.00022356860202553153 0.0004712057066635736 0.000611034642448255 0.0 0.0035959725107879174 0.003994886545222115 0.00023191678384212262 0.0022120580356860225 0.0032091087671466726 0.001884361195558272
0.0 0.00036992098487763017 3.408183535552223e-05 0.0 0.004347826086956522 0.004347826086956522 0.0 0.0 0.0 0.0 0.0015725823572780506 0.0014606359741040147 0.001011072777127355
0.0 0.0 0.0 0.0 0.0 6.093971477775895e-06 0.0 0.0 0.0 0.0 0.0 2.0313238259252982e-06 6.771079419750994e-07
0.0025820044617037097 0.0047058535929497755 0.0068085781978945315 0.0010371292263015972 0.0008270614506657845 0.00134369702732873 0.000633492252799558 0.002417006925576136 0.002838088289889466 0.0014175419802682882 0.002649973989730565 0.0036634545050375756 0.0025769901583454764
8.422187410514259e-05 0.00015564977555302363 0.0002612041202645229 0.0 0.0009752291788570315 0.0019496977968414893 0.0 0.0 0.0 2.807395803504753e-05 0.0003769596514700184 0.000736967305702004 0.00038066697173568995
0.0 0.00018482921780275024 0.00024230910888402117 0.0004121332014507089 0.0004437659755751207 0.0006212282570110045 0.004959827417851021 0.007703275898608627 0.008470587874715106 0.0017906535397672434 0.002777290363995499 0.003111375080203377 0.002559772994655373
0.0 0.00016268274695240988 0.0002638411043333263 0.00026216442953020134 0.0005433837593462006 0.000760671129270625 0.0 0.0 0.0 8.738814317673379e-05 0.00023535550209953686 0.0003415040778679838 0.0002214159077147515
0.00417641162712997 0.00487012987012987 0.011011789091851276 0.0002782415136338341 0.0004160079873533572 0.0006239600665557404 0.00019819248454098622 9.909388551088843e-05 9.909388551088843e-05 0.0015509485417682636 0.0017950772476647053 0.003911614347972635 0.002419213379135201
0.0011881423394522663 0.0011799275296123747 0.0019405801954278407 0.004025764895330113 0.0032092426187419762 0.002780249110320285 0.0 0.0 3.326237360298031e-05 0.0017379690782607933 0.001463056716118117 0.0015846972264503686 0.001595241006943093
0.0 0.0 0.0 0.0 0.0 0.0 0.0 0.0 0.0 0.0 0.0 0.0 0.0
0.0 0.0 0.0 0.0 0.0 0.0 0.0 0.0 0.0 0.0 0.0 0.0 0.0
0.0 0.0 0.0 0.0 0.0 0.0 0.0 0.0 0.0 0.0 0.0 0.0 0.0
0.0014204545454545455 0.0008041688111168296 0.0016078204386134154 0.0 0.0 0.0 0.0 1.985548097917124e-05 2.5270557417955523e-05 0.0004734848484848485 0.0002746747640320003 0.0005443636653437903 0.000430841092620213
0.0007766387076731903 0.0008653941252101671 0.0018536826495304005 0.011961722488038276 0.010359116022099447 0.006067961165048544 0.0 0.0 0.0 0.004246120398570489 0.003741503382436538 0.0026405479381929817 0.003542723906400003
