88.23009939605619 76.57656138292943 73.60179936095864 51.569070832637145 44.53810662938801 39.96382116930043 81.11817704090987 60.43903230413882 56.54090690346971 73.6391157565344 60.51790010548542 56.70217581124293 63.61973055775425
88.23009939605619 76.57656138292943 73.60179936095864 51.569070832637145 44.53810662938801 39.96382116930043 81.11817704090987 60.43903230413882 56.54090690346971 73.6391157565344 60.51790010548542 56.70217581124293 63.61973055775425
88.23009939605619 76.57656138292943 73.60179936095864 51.569070832637145 44.53810662938801 39.96382116930043 81.11817704090987 60.43903230413882 56.54090690346971 73.6391157565344 60.51790010548542 56.70217581124293 63.61973055775425
88.23009939605619 76.57656138292943 73.60179936095864 51.569070832637145 44.53810662938801 39.96382116930043 81.11817704090987 60.43903230413882 56.54090690346971 73.6391157565344 60.51790010548542 56.70217581124293 63.61973055775425
88.23009939605619 76.57656138292943 73.60179936095864 51.569070832637145 44.53810662938801 39.96382116930043 81.11817704090987 60.43903230413882 56.54090690346971 73.6391157565344 60.51790010548542 56.70217581124293 63.61973055775425
88.23009939605619 76.57656138292943 73.60179936095864 51.569070832637145 44.53810662938801 39.96382116930043 81.11817704090987 60.43903230413882 56.54090690346971 73.6391157565344 60.51790010548542 56.70217581124293 63.61973055775425
88.23009939605619 76.57656138292943 73.60179936095864 51.569070832637145 44.53810662938801 39.96382116930043 81.11817704090987 60.43903230413882 56.54090690346971 73.6391157565344 60.51790010548542 56.70217581124293 63.61973055775425
88.23009939605619 76.57656138292943 73.60179936095864 51.569070832637145 44.53810662938801 39.96382116930043 81.11817704090987 60.43903230413882 56.54090690346971 73.6391157565344 60.51790010548542 56.70217581124293 63.61973055775425
88.23009939605619 76.57656138292943 73.60179936095864 51.569070832637145 44.53810662938801 39.96382116930043 81.11817704090987 60.43903230413882 56.54090690346971 73.6391157565344 60.51790010548542 56.70217581124293 63.61973055775425
88.23009939605619 76.57656138292943 73.60179936095864 51.569070832637145 44.53810662938801 39.96382116930043 81.11817704090987 60.43903230413882 56.54090690346971 73.6391157565344 60.51790010548542 56.70217581124293 63.61973055775425
87.7668617606191 76.14655617042943 73.29125394368032 49.67390801091394 42.75437975038212 38.29272325259438 80.6682269177354 60.05205413672141 56.31690113715957 72.70299889642281 59.65099668584432 55.966959444478086 62.773651675581746
88.02822364697845 76.32264421638014 73.3232194203458 47.440295952389384 41.00102837244767 36.374881381922236 81.50404099785324 60.83136555595422 57.06210764897841 72.32418686574034 59.38501271492734 55.58673615041548 62.43197857702772
87.91358294613698 76.37709068739301 73.38450101325155 46.21718511197564 40.546976722719165 36.545796754631574 79.36955642641362 59.64013649692569 55.878410773182694 71.1667748281754 58.854734635679286 55.2695695136886 61.76369299251443
87.71250889765965 76.19317138436548 73.12429100772363 49.52028269957539 42.8490265377801 38.14385091599471 80.42268251126315 60.1957543286915 56.35725847324975 72.55182470283273 59.74598408361236 55.87513346565603 62.72431408403371
87.95214446538307 76.32762435929298 73.48186056165494 45.7621807721863 39.768121018116574 35.51559931595272 80.6418774789245 60.20420468730432 56.531527234339926 71.45206757216462 58.76665002157129 55.17632903731587 61.79834887701726
88.12690253967324 76.51338389579165 73.30145787420246 49.92057279262775 43.34292531829645 38.95214842538203 81.72060160876818 60.659070582194175 57.00915612733455 73.25602564702307 60.171793265427425 56.420920808973015 63.2829132404745
87.67244972651183 76.00990103855818 73.12215385643418 48.62941179764378 41.961640484094744 37.69852600983242 81.8165546215518 60.52018628566053 56.94170820158864 72.70613871523581 59.497242602771145 55.92079602261841 62.70805911354179
87.09658563523925 75.36007172275704 72.31948728852599 47.85522599539969 41.58262053336566 37.39045940445757 74.43495230469084 54.654333226576966 51.536738509723165 69.79558797844327 57.199008494233226 53.7488950675689 60.247830513415124
87.3013275853982 75.64679219322358 72.71237738226915 49.410401562529024 42.30946286807964 38.38171696677474 75.53373142817628 57.38070883674149 53.7647996606126 70.74848685870117 58.44565463268157 54.952964669885496 61.38236872042276
87.58322117472123 75.91931702178233 73.10656897023694 49.55944837313173 42.66750709151057 38.58609344816185 76.88398454346144 57.4905164038176 54.17937029840094 71.34221803043813 58.69244683903684 55.29067757226657 61.77511414724719
87.71057678775801 75.65794855103331 72.78715554937408 42.69731081806607 36.637513142938474 33.06356486837678 67.36488321970324 51.08421913101145 47.665646399288725 65.92425694184244 54.45989360832775 51.172122272346535 57.18542427417223
83.76977931247767 72.45964453989879 69.36286915654945 51.70656931638524 44.448237460919266 39.887698924789994 78.10185568403212 56.57648825939848 53.1738538944755 71.192734770965 57.82812342007218 54.14147399193831 61.054110727658504
84.59388469238552 72.85693783421297 69.85737990247463 10.002410422543306 8.310351309498905 7.161701967052912 71.73471122259798 52.10654261842771 48.818586617048595 55.443668779175596 44.42461058737987 41.94588949552538 47.27138962069361
86.63222151781088 75.27852423637094 72.03180852276978 47.42791873859053 40.98139422905483 36.73167507633181 67.45194555973647 52.327415285145165 48.785558873281445 67.17069527204596 56.195777916856976 52.516347490794345 58.62760689323242
81.29656653796617 70.12063251189169 67.95095651324748 48.346113028496795 41.86738326742459 37.43596127097059 72.88636717784044 52.90449724180147 49.919983201046215 67.50968224810113 54.96417100703925 51.7689669950881 58.0809400834095
86.9650676358589 75.1459737830233 70.58910030428301 51.57335610984085 44.16685324855884 39.779043883417955 81.47033914160214 57.88633751348621 54.53235832046517 73.33625429576729 59.066388181689454 54.96683416938871 62.45649221561515
86.67250187798797 74.9824153364108 72.0995782210496 49.10404713197014 42.65844105456984 38.327112109659126 73.78767672088527 54.93141937671589 51.494887786919776 69.85474191028112 57.52409192256551 53.973859372542826 60.45089773512983
86.1550644761703 74.42090846226344 69.81613312732395 45.539307922514176 39.29408814583278 35.0945635404249 78.72774694597105 57.21039532468441 53.50540977789424 70.14070644821851 56.97513064426021 52.805368815214365 59.973735302564364
86.7375888075025 75.43351067050648 72.87019397201583 49.26560194566644 42.20663352773536 37.85038065580771 76.5379510737855 56.23575761854956 52.61392893625866 70.84704727565149 57.95863393893047 54.444834521360725 61.08350524531423
85.77442329063167 72.65973455856212 69.7618390167102 49.43293801143655 42.345764699640384 37.762927237924835 78.79007384984489 54.41659201307153 50.79629585542861 71.33247838397104 56.474030423758016 52.773687370021214 60.19339872591676
74.32799751604897 63.25265452600824 59.690051661113664 33.71047069906008 28.319162132494835 24.858507955654822 68.00419705083505 46.14084488120581 43.343142080406906 58.680888421981365 45.904220513236304 42.6305672323918 49.071892055869824
77.54719552655567 66.95950123138219 61.54719837706383 32.024091993316546 26.61306845913286 23.082649702188718 68.37725941042049 50.21570443891379 47.121609243364496 59.31618231009757 47.92942470980961 43.91715244087235 50.38758648692651
80.55588188916113 71.37300645270142 68.60316415370193 25.339575817511633 23.907283586131527 21.70766340071642 68.81599536730191 50.08611766120501 46.973144641778234 58.237151024658225 48.45546923334598 45.76132406539887 50.81798144113435
77.72142326278232 66.76181014016326 65.39482085059237 41.815718954965206 37.33274311921774 34.11365892803185 76.24417301647497 52.96542750477291 49.461367281330126 65.2604384114075 52.35332692138464 49.656615686651456 55.75679367314786
80.3466432424857 67.99962713298693 65.33626367962893 29.07654772315692 25.558313908786484 22.47763329915961 20.724029342451306 17.10475713342649 15.844240489564921 43.38240676936464 36.88756605839997 34.55271248945115 38.27422843907192
85.4431376429249 71.68146752050403 68.83086927972839 42.626339594178965 36.55978125673948 32.16563153236073 36.93815059707389 25.92055603143478 24.25981192355411 55.002542611392585 44.72060160289276 41.75210424521441 47.15841615316659
84.263278572983 72.1495442528689 68.23693593535552 24.141028234333227 20.12644893087491 17.151961375938633 71.27638160975285 50.21858747467425 47.17923222625943 59.89356280568969 47.49819355280602 44.18937651251787 50.527044290337855
80.92826466089653 68.0977169594202 64.48432414052932 43.283749470339174 36.84200606040559 32.71372788673565 55.987081435855714 40.829203578942554 38.13415647313922 60.06636518903048 48.58964219958944 45.110736166801395 51.25558118514044
83.9270142451273 72.18880551661285 69.5110830493049 18.504691190860363 16.407570512524646 14.615672307563573 45.3895898085894 33.34284054046482 30.710762570073573 49.27376508152568 40.64640552320077 38.279172642314016 42.733114415680156
78.72908271935472 68.68235828377304 66.41152416019585 31.674196532837577 27.13244029157857 23.827551579140263 80.85123632718997 58.60023398830252 54.750557331174775 63.75150519312742 51.471677521218034 48.32987769017029 54.51768680150526
80.23801204373875 67.00621494474215 62.72562558058505 26.255408789213984 23.285367616582857 21.172031799651258 67.41832650770492 51.29930761916851 48.27887544162722 57.970582446885885 47.19696339349784 44.05884427395451 49.742130038112755
78.38237020453528 65.88579299026047 63.411494578662506 31.916229493222588 27.289186487692152 24.471392309968213 27.421998364427658 20.49690126179525 18.972761716003657 45.90686602072851 37.89062691324929 35.61854953487813 39.80534748961864
67.81371139906588 55.78441575481365 51.602957415495986 31.645390106757404 27.134166357745503 24.010852479008086 58.48152208483985 38.42351883363713 35.687555693180414 52.64687453022105 40.447366982065425 37.10045519589483 43.39823223606043
74.60951167795365 62.377673253426394 58.971401566551954 40.52507444802714 33.81667858112543 30.014819518260406 47.90963374571536 34.25670529071408 31.91864467631741 54.34807329056539 43.483685708421966 40.30162192037659 46.044460306454646
62.22089741289223 53.61639377115882 53.06310824429384 43.80776092644355 37.2148088999642 32.73459467658048 73.63252056584308 54.55601887320963 50.95032594808847 59.88705963505962 48.46240718144421 45.582676289654266 51.31071436871937
81.10057321719347 66.6228100600647 61.9348456925776 8.516664015317714 7.359562162694141 6.2551205212070515 72.83902523641252 48.371064617017225 45.44397729772614 54.15208748964124 40.784478946592024 37.8779811705036 44.27151586891229
78.07347225241779 66.52891661725349 63.06311111381042 47.8103948209296 40.99892681324708 37.12494024590738 71.2100195135382 50.71206346881603 47.09269743275078 65.69796219562853 52.746635633105534 49.09358293082286 55.84606025318564
80.5025407187561 68.10528210402177 65.54947197772123 29.268711099044587 25.61857359557206 22.597640252149386 62.675801868641635 44.11037168994129 41.554871684087125 57.4823512288141 45.944742463178365 43.233994637985916 48.88702944332613
77.33325898868037 64.3250503234395 60.924585892939454 1.49277813745558 1.4605088236559793 1.1632999097763324 63.37849948801543 39.98522430156572 37.58489938592021 47.40151220471713 35.256927816220404 33.22426172954533 38.62756725016095
64.49446578670329 52.638632182897574 51.99177494270841 20.817659995361566 17.323249370160227 14.96083275416105 46.1742498293577 29.684782683380224 27.370249698741322 43.828791870474184 33.21555474547934 31.440952465203594 36.161766360385705
46.925580263926065 39.782823740402996 38.906208901676045 35.065209968778944 31.281947135902083 28.87284348244753 59.495141040858336 41.75331354993245 38.86844977149642 47.16197709118779 37.606028142079175 35.549167385206665 40.10572420615787
63.676357666446684 55.734283956547024 52.950787965549594 9.63017695034922 9.754106928574032 9.123943138341813 33.74927431190077 20.59207421240286 18.93844496615826 35.685269642898895 28.693488365841304 27.00439202334989 30.461050010696695
69.31369892229978 59.34605326071093 56.06762313026643 35.686198247489706 31.250762971265612 27.67609901269766 55.54047650406033 40.149695501728985 37.105846508678056 53.513457891283274 43.58217057790184 40.283189550547384 45.79293933991083
67.0337142984247 55.10512058737322 53.23918889012933 12.711778023888431 10.99035835018573 9.633731727822706 9.731365119453757 6.166057355237679 5.71990725867948 29.825619147255626 24.087178764265545 22.864275958877172 25.592357956799447
35.16612569834632 37.24240363379544 38.2121865178955 21.630589905124705 19.623949318272512 17.96666278334267 35.61379409934439 28.91218709617408 26.885132819688547 30.803503234271805 28.592846682747346 27.687994040308908 29.02811465244268
72.85778208328121 62.125569693240145 58.56040354597989 2.111399894868172 1.8737597209943853 1.5679436107256184 56.44217693127954 35.20452941326503 33.024946383557904 43.80378630314297 33.06795294249985 31.05109784675447 35.974279030799096
67.43663725021631 55.57574278636832 51.76567606639036 9.427388993619669 8.043460921254445 6.99309254269992 66.25928296568911 44.63835380143433 41.442535419551014 47.70776973650836 36.085852503019034 33.40043467621376 39.064685638580386
49.69343379685852 39.41184445340559 35.993257648508795 5.527303627960743 5.465221611063111 5.769811200063761 0.016960694036787655 0.169702096993633 0.1633975574878499 18.412566039618685 15.015589387154114 13.975488802020136 15.801214742930979
51.147792121158716 46.83483552993205 47.40985873443214 0.6343208698543594 0.5586434507628043 0.45309816313641743 51.3720215770834 34.3666614232966 32.1681117851114 34.38471152269883 27.253380134663814 26.677022894226653 29.438371517196433
46.148757881331875 38.39505922360106 36.342050691681195 32.415896157298995 27.269365721755513 24.915040939653533 70.22009756033263 45.39343839928039 42.42501737212613 49.5949171996545 37.01928778154565 34.56070300115362 40.391635994117934
13.370268004355665 13.053583250257772 14.122678927377041 30.686077395904633 27.111980371958595 24.441017941500917 40.28901491582249 25.01866490261581 23.52432736987794 28.11512010536093 21.72807617494406 20.696008079585297 23.51306811996343
24.66385859549732 19.859049537880757 20.451154736068016 4.876778132658514 4.135554305209802 3.4789965626681663 10.04223596712522 5.575919668073494 5.41852615933144 13.194290898427019 9.856841170388018 9.78289248602254 10.944674851612525
13.086764801217546 15.174398474165947 17.078851112914023 14.272534036732354 12.969638592237654 11.977136564701821 0.0 0.0 0.0 9.119766279316634 9.3813456888012 9.685329225871948 9.395480397996595
40.75552451886084 37.837611215150496 35.42380448704397 16.280274418251878 14.417615028608424 13.333682645503298 8.184851673296068 5.372335735435056 4.916792835195778 21.740216870136262 19.20918732639799 17.891426655914348 19.613610284149534
21.33094034408404 19.027348029161743 20.683508610581786 8.002939405282865 7.117270471374118 6.18418059407108 60.57568704569374 36.151176178674014 33.79068256552945 29.969855598353547 20.765264893069958 20.219457256727438 23.651525916050314
58.36454746045439 49.09004871012101 45.50694321201291 10.055498490858126 10.933573651855163 10.62491573237487 0.0826091238982407 0.1837849912948401 0.18241441448690257 22.834218358403586 20.069135784423672 18.771424452958225 20.558259531928496
25.072294942265206 21.73174387637648 20.711040520016258 7.190228227775627 5.9071936990346385 4.894663615722459 51.12010511731025 31.77137758929805 29.985359525513687 27.79420942911703 19.80343838823639 18.5303545537508 22.042667457034742
12.874629106981722 13.307047439919991 13.006457606653548 2.5015986001868042 2.2745771036362905 2.056647230629235 42.893136676473056 27.605657868640943 25.929341921960216 19.42312146121386 14.39576080406574 13.664148919747666 15.827677061675754
25.958471949775642 26.023247452174857 26.93558610759258 0.00014464244387873176 0.00014212082164784354 0.00014212082164784354 9.698783715483499 6.497254779366086 5.97800404589785 11.885800102567673 10.840214784120862 10.971244091437358 11.2324196593753
5.1273171843734735 6.685972397433157 8.317685001475077 15.773027149313739 12.401042369232314 11.30312781927084 37.225873437110806 24.621264838567754 23.198575103068244 19.37540592359934 14.569426535077744 14.273129307938055 16.07265392220505
2.078271925905928 3.9082118737416724 4.440957383004306 4.92229203515044 4.279078671084825 3.878139513771765 0.00906950286677396 0.03105518158008177 0.03219325712490393 2.3365444879743804 2.7394485754688596 2.7837633846336582 2.6199188160256326
3.0708315377604585 2.013279419893368 2.9771669309316553 2.233436957396726 2.4417508172461972 2.4600538792741418 37.11815239233553 22.571601041646787 21.253014075510688 14.140806962497573 9.008877092928785 8.896744961905496 10.682143005777284
17.127956652851413 11.773735966875684 11.349651512953145 12.619737000072758 12.879341956832793 11.859731078810999 3.5431637851532924 2.2212484367818877 2.1141054390708356 11.096952479359153 8.958108786830122 8.441162676944993 9.498741314378087
9.816386487129234 9.534039306477379 9.471398803077262 1.0318593532760474 0.9878677868296992 0.976717022924432 5.3871723704614 3.075901094259821 3.0910336972387453 5.411806070288894 4.532602729188967 4.5130498410801465 4.819152880186002
6.112946922456247 7.179629115224698 7.973406731635849 2.3941313625014375 1.809702082740581 1.727706260391863 11.617275049379613 9.074699723817774 8.53417902131369 6.708117778112434 6.02134364059435 6.0784306711138 6.2692973632735285
2.869912679464338 3.3812924531714104 4.294233268751194 1.433894574614548 1.2885910068905169 0.9616815605332747 1.4377873122193896 0.9509827347437197 0.9037190881462213 1.9138648554327584 1.8736220649352155 2.05321130581023 1.9468994087260678
3.049932722214203 4.845241357307385 5.075303193024143 7.081306284280581 6.150130560351761 5.724032737523536 3.714622398828034 2.6077644371011584 2.4506925017518326 4.615287135107606 4.534378784920102 4.416676144099838 4.522114021375848
16.079089084090956 15.753288744393199 14.309775872792077 7.558531416460612 7.078419584411193 6.890278801018952 11.81937410945909 9.161175072000441 8.743357095643251 11.818998203336887 10.664294466934946 9.98113725648476 10.821476642252197
16.541265988843453 19.07949885167223 19.79868383778217 0.18102137193200316 0.13156413540365683 0.13837662711500845 0.7183977673257298 0.568654498298172 0.5306813381254245 5.813561709367062 6.593239161791353 6.822580601007535 6.409793824055317
3.3810305116651262 3.862472207776283 4.522123849355837 2.9117174900150626 2.651709124085632 2.3560689105399915 2.290927722014511 3.3282715129868348 3.0090228440285647 2.861225241231567 3.280817614949583 3.295738534641464 3.1459271302742047
0.6526750703150548 1.0505153232255426 1.411312799873473 0.00041111659266568004 0.00034783415267600405 0.00034783415267600405 1.5317503210174752 1.1273338267998858 1.1227176265639789 0.7282788359750653 0.7260656613927013 0.8447927535300425 0.7663790836326032
8.924725914324725 7.807657514530948 8.224058805783823 10.819409504063282 10.024851508913397 9.491034841292254 5.111555276240235 3.3139412215903765 3.067647279437702 8.285230231542746 7.048816748344907 6.927580308837926 7.4205424295751925
7.008043070897016 6.5432844228557485 6.5397043546099125 1.5085695222541908 1.279100503560031 1.174648517253393 13.50127715434804 6.991158188186053 6.696326312957993 7.339296582499749 4.937847704867277 4.803559728273766 5.6935680052135975
0.5289342247920122 0.4494200866786242 0.6777240500467514 0.9191231787801648 1.0929419162175218 1.3758957567383925 2.3716719422187853 1.7524139944477855 1.7260084569274141 1.273243115263654 1.0982586657813105 1.2598760879041861 1.2104592896497168
8.379328312452062 8.02970644798981 8.163770689967743 1.8513545911382185 2.0662871353087953 2.3409550295692374 5.759307106800671 3.5429711540894493 3.609223899782972 5.329996670130317 4.546321579129351 4.704649873106651 4.86032270745544
0.5450747370239402 1.0885591919929691 1.3580435965425945 0.00035202590910691025 0.0003210125653489865 0.0004127152998147367 1.1808676860239957 1.1095280529755915 1.0574472013361118 0.5754314829856809 0.7328027525113031 0.805301171059507 0.7045118021854971
2.0922851697068747 3.603101467671342 4.201381126270241 0.5597768641390175 0.513281838267128 0.581511487989763 7.630098131565291 4.677949377618851 4.942386357759354 3.427386721803728 2.9314442278524404 3.2417596573397858 3.2001968689986513
2.1106956813250184 1.652072487447311 1.6917533457820648 0.39775598751939356 0.30097848627540014 0.2345860452415349 2.7469508845181852e-05 3.637157197934095e-05 3.637157197934095e-05 0.836159712784419 0.6510291150982301 0.6421252541985264 0.7097713606937252
0.23161705586925868 0.3113729252684625 0.5279259996457181 0.5640009517549729 0.49939349538849914 0.5854908902573985 0.005202913631633715 0.1238008961443059 0.12758262524990446 0.26694030708528843 0.3115224389337558 0.41366650505100694 0.3307097503566838
2.12508629668972 2.8623905000769603 3.541206179791905 0.48163596544149434 0.3004105771122205 0.26086623529014463 12.953534130419406 8.622717427021275 8.112553614455456 5.1867521308502065 3.928506168070152 3.971542009845835 4.362266769588731
0.0006007449237053947 0.0013931780713771565 0.0020297150280100674 0.0010315659170621002 0.00044277828615284703 0.00044277828615284703 0.0 0.0 0.0 0.0005441036135891649 0.0006119854525100012 0.0008241644380543048 0.0006600845013844903
1.0884893597616139 1.473155236094864 1.79086269622113 0.0029334525339442365 0.003909124356144223 0.0050565413257331986 14.49871427608143 9.308251497422122 9.193534206839802 5.196712362792329 3.5951052859577097 3.6631511481288883 4.151656265626309
0.0063587228051051456 0.008008249594102419 0.011120850224608306 0.35678633883688915 0.2860046034360679 0.26775877918202107 0.6170008088422109 0.4667485103236941 0.425682949371614 0.3267152901614017 0.2535871211179548 0.23485419292608112 0.27171886806847917
0.024752965252248793 0.0163995498220513 0.035695477222418635 0.0 0.0 0.0 0.0409961331590422 0.010313205535867316 0.008774574301160342 0.021916366137096997 0.008904251785972872 0.014823350507859658 0.015214656143643177
2.341712257587895 2.2097079795527907 2.4779138274765664 0.0 0.0 0.0 13.075666998514427 6.756037734269883 6.362416032738029 5.139126418700774 2.988581904607558 2.9467766200715317 3.691494981126621
0.0011408752795144435 0.0011361791916896606 0.0022713261299847497 0.2140914018891345 0.1193490966841322 0.11685497690257299 2.332729324481576 1.2199917657440364 1.217308457100247 0.8493205338834082 0.4468256805399528 0.4454782533776016 0.5805414892669876
0.0393746666277027 0.16288283641591195 0.23718384957385868 0.1565521018136521 0.11836674534801779 0.10617283101432376 0.32192409848995085 0.20635676140766615 0.27562394789872907 0.17261695564376855 0.1625354477238653 0.20632687616230383 0.18049309317664589
0.0005174223496888074 0.000546673975622834 0.0007717510010921005 0.9267894839623418 1.0129599195891328 1.2264123404882417 0.00013164361440707716 0.00019257857205739941 0.00019257857205739941 0.30914618330881255 0.3378997240456043 0.40912555668713035 0.35205715468051574
1.2871734899013518 2.0013537482099735 2.5041687675412603 0.22546842597453387 0.30430345986971125 0.32042592666924724 5.066846647161535 3.149656359943953 3.013145143511865 2.193162854345807 1.818437856007879 1.9459132792407907 1.9858379965314923
2.5702771344999773 2.549561347554401 2.6713168628682844 0.21117747964964628 0.1686720609112171 0.17128740000779505 0.37712959559247766 0.24492531681164467 0.24086550619659197 1.052861403247367 0.9877195750924209 1.0278232563575571 1.0228014115657817
0.0024660912453760785 0.000869723912559954 0.0011974955236476854 0.0012478729438457174 0.0013925116835126615 0.0017997826677533279 0.012215963062289366 0.0069898253900381796 0.006390515621113244 0.005309975750503721 0.0030840203287035984 0.003129264604171419 0.0038410868944595794
0.04360732709714992 0.057382190496073286 0.07058909921457276 0.0034003548196333533 0.002387843704775687 0.0027492403414845898 0.0 0.004873294346978557 0.004873294346978557 0.015669227305594426 0.02154777618260918 0.026070544634345303 0.02109584937418297
0.0012877431381687068 0.0009916921340656026 0.0013686080418291308 0.0 0.0 0.0 0.028457680416127413 0.009259267668049556 0.009564525258039932 0.009915141184765374 0.0034169866007050533 0.003644377766623021 0.005658835184031149
6.38912315673797e-05 0.00022518754905871604 0.0004374700847662624 0.00035434034712468915 0.0002598087807373773 0.00031975698469163436 0.0 0.0007733952049497294 0.0007733952049497294 0.0001394105262306896 0.0004194638449152742 0.000510207424802542 0.000356360598649502
0.004980687131530799 0.003134184902979565 0.003002768965580474 0.001985466386054084 0.0026299033856545693 0.0033901588531576906 0.0034423407917383822 0.004678727386150967 0.00013666803334700013 0.003469498103107755 0.0034809385582617 0.002176531950695055 0.00304232287068817
0.0 0.0 0.0 0.0 0.0 0.0 0.0 0.0 0.0 0.0 0.0 0.0 0.0
0.0014736593909997306 0.0010265254167693193 0.0012157020071240138 0.0 0.0 0.0 0.001119547761176205 0.0004366176684616504 0.0004366176684616504 0.0008644023840586452 0.00048771436174365655 0.0005507732251952214 0.0006342966569991744
9.261660430481976e-05 0.000384043348020082 0.000775341422275423 0.004126385286489036 0.007785130400934215 0.008532423208191127 0.00038454636347322275 0.017800164642234075 0.01670317288249017 0.0015345160847556928 0.008656446130396124 0.008670312504318907 0.006287091573156909
0.051989955259657286 0.06698429067185828 0.06902932953332193 0.000179422403398978 0.00014835789009647502 0.00021193445291240327 0.18646155655594301 0.12438584094826569 0.11811342216916815 0.07954364473966642 0.06383949650340681 0.06245156205180082 0.06861156776495801
0.08205973398719729 0.0843518930098987 0.1158363934840202 0.0015736516024430086 0.0007743821316348289 0.0011648360287318906 0.0 0.0 4.6455449224194e-05 0.027877795196546765 0.028375425047177844 0.03901589498732543 0.03175637174368335
0.0015496668216333487 0.0008998560230363143 0.001099736063344797 0.0003524850193866761 0.0003432337192805821 0.0003432337192805821 0.0 0.0 0.0 0.0006340506136733416 0.0004143632474389655 0.000480989927541793 0.0005098012628847001
0.0013873473917869034 0.0012261066398390342 0.0007653677003055584 0.0011377427184466019 0.0005213143078435462 0.0005957700327673518 0.0 0.0010521252930920458 0.0012023566189731875 0.0008416967034111685 0.0009331820802582087 0.0008544981173486992 0.0008764589670060255
0.0 0.0 0.0 0.0 0.0 0.0 0.0 0.0 0.0 0.0 0.0 0.0 0.0
0.00578454057021844 0.003674511749251318 0.003809825577886414 0.0005794638028277833 0.0009148572822639668 0.0010672684027566018 0.0008188666885031116 0.0009710892847233782 0.0007353481873667182 0.0023942903538497783 0.0018534861054128875 0.0018708140560032445 0.002039530171755304
0.0 0.0 0.0 0.0 0.0 0.0 0.0 0.0 0.0 0.0 0.0 0.0 0.0
0.0 0.0 0.0 0.0 0.0 0.0 0.0 0.0 0.0 0.0 0.0 0.0 0.0
0.0 0.0 0.0 0.0 0.0 0.0 0.0 0.0 0.0 0.0 0.0 0.0 0.0
0.0 0.0008052394245222247 0.0008052394245222247 0.0 0.0 0.0 0.0 0.0 0.0 0.0 0.00026841314150740823 0.00026841314150740823 0.00017894209433827216
0.0 0.0 0.00014897268436859417 2.7645937374210984e-05 3.3288849566949055e-05 4.80836092592757e-05 0.00030485945978903724 0.00026014568158168577 0.00026014568158168577 0.00011083513238774941 9.781151038287827e-05 0.0001524006584031852 0.00012034910039127098
0.0 0.0002600239222008425 0.0002600239222008425 0.0 0.0 0.0 0.0 0.0 0.0 0.0 8.667464073361417e-05 8.667464073361417e-05 5.778309382240945e-05
0.0 0.0 0.0 0.0 0.0 0.0 0.0 0.0 0.0 0.0 0.0 0.0 0.0
0.0 0.0 0.0 0.0 0.0 0.0 0.0 0.0 0.0 0.0 0.0 0.0 0.0
0.0 0.0 0.0 0.0 0.0 0.0 0.0 0.0 0.0 0.0 0.0 0.0 0.0
0.0 0.0 0.0 0.0 0.0 0.0 0.0 0.0 0.0 0.0 0.0 0.0 0.0
0.0 0.0 0.0 0.0 0.0 0.0 0.0010307922476818 0.001249016030546447 0.0010675773836942971 0.00034359741589393334 0.0004163386768488157 0.00035585912789809905 0.00037193174021361603
0.0 0.0 0.0 0.0 0.0 0.0 0.0 0.0 0.0 0.0 0.0 0.0 0.0
0.0 0.0 0.0 0.0 0.0 0.0 0.0 0.0 0.0 0.0 0.0 0.0 0.0
0.0 0.0 0.0 0.0 0.0 0.0 0.0 0.0 0.0 0.0 0.0 0.0 0.0
0.0 0.0 0.0 0.0 0.0 0.0 0.0 0.0 0.0 0.0 0.0 0.0 0.0
