96.81502306291108 91.11098502929188 88.35114112449635 33.85323189490116 29.81807263255417 28.10552244002762 85.82290881710031 71.67852041800283 67.7892596793542 72.16372125830418 64.2025260266163 61.41530774795939 65.92718501095996
96.81502306291108 91.11098502929188 88.35114112449635 33.85323189490116 29.81807263255417 28.10552244002762 85.82290881710031 71.67852041800283 67.7892596793542 72.16372125830418 64.2025260266163 61.41530774795939 65.92718501095996
96.81502306291108 91.11098502929188 88.35114112449635 33.85323189490116 29.81807263255417 28.10552244002762 85.82290881710031 71.67852041800283 67.7892596793542 72.16372125830418 64.2025260266163 61.41530774795939 65.92718501095996
96.81502306291108 91.11098502929188 88.35114112449635 33.85323189490116 29.81807263255417 28.10552244002762 85.82290881710031 71.67852041800283 67.7892596793542 72.16372125830418 64.2025260266163 61.41530774795939 65.92718501095996
96.81502306291108 91.11098502929188 88.35114112449635 33.85323189490116 29.81807263255417 28.10552244002762 85.82290881710031 71.67852041800283 67.7892596793542 72.16372125830418 64.2025260266163 61.41530774795939 65.92718501095996
96.81502306291108 91.11098502929188 88.35114112449635 33.85323189490116 29.81807263255417 28.10552244002762 85.82290881710031 71.67852041800283 67.7892596793542 72.16372125830418 64.2025260266163 61.41530774795939 65.92718501095996
96.81502306291108 91.11098502929188 88.35114112449635 33.85323189490116 29.81807263255417 28.10552244002762 85.82290881710031 71.67852041800283 67.7892596793542 72.16372125830418 64.2025260266163 61.41530774795939 65.92718501095996
96.81502306291108 91.11098502929188 88.35114112449635 33.85323189490116 29.81807263255417 28.10552244002762 85.82290881710031 71.67852041800283 67.7892596793542 72.16372125830418 64.2025260266163 61.41530774795939 65.92718501095996
96.81502306291108 91.11098502929188 88.35114112449635 33.85323189490116 29.81807263255417 28.10552244002762 85.82290881710031 71.67852041800283 67.7892596793542 72.16372125830418 64.2025260266163 61.41530774795939 65.92718501095996
96.81502306291108 91.11098502929188 88.35114112449635 33.85323189490116 29.81807263255417 28.10552244002762 85.82290881710031 71.67852041800283 67.7892596793542 72.16372125830418 64.2025260266163 61.41530774795939 65.92718501095996
97.08373977950696 91.01814819945787 88.31853608655604 33.558425713383976 29.904471643222188 28.08962407490935 85.47209462383711 71.36310969758271 67.45806388663509 72.03808670557602 64.09524318008759 61.28874134936683 65.80735707834347
96.98544235090955 91.08452328058961 88.2693729006783 32.94317493924465 29.310279586599886 27.587357033845162 84.16875170489752 69.9370945526047 66.1332402514007 71.36578966501723 63.443965806598065 60.663323395308055 65.15769295564112
96.1678488465895 90.85414121801023 88.15976465344761 28.867305663523652 26.205301129956283 24.43322183918423 83.85447917359967 69.38996778154915 65.63507283946748 69.62987789457094 62.14980337650522 59.409353110699776 63.729678127258644
95.42393724209285 90.94242422798644 88.16134889017422 32.93563601959334 29.196851146429932 27.875473813198848 84.43309115393447 70.35497184389075 66.55919893690981 70.93088813854023 63.49808240610238 60.86534054676096 65.09810369713452
97.01043727888263 91.1251768391328 88.40144091047554 29.76783015778614 26.705585818181003 25.44594454568364 85.33783567516264 71.4554667354274 67.6457500495676 70.7053677039438 63.0954097975804 60.497711835242264 64.7661631122555
95.46237795744264 91.03183996684973 88.1222106811691 31.72999880577494 28.200334952973037 26.91791884808715 84.7207246205828 71.22817714390155 67.36501064159283 70.63770046126679 63.48678402124144 60.80171339028303 64.97539929093041
97.1215699648773 91.04407116773147 88.3663199245962 31.446631418307764 27.856290609604706 26.133186261798386 85.26634735081308 70.87294113744716 66.97639309069328 71.2781829113327 63.25776763826111 60.491966425695956 65.00930565842992
95.2051250022641 90.84625684912864 88.25645071322249 35.98261068028174 32.253196138924736 30.230641539773096 82.99131159133546 68.80204059278041 65.09451486136533 71.39301575796044 63.9671645269446 61.193869038120305 65.51801644100844
95.26080419262843 90.62334314475434 88.19100915816443 31.931047305770754 28.274501362443505 26.849132732614084 84.9135173156782 71.13241352093439 67.34006336140841 70.70178960469246 63.343419342710746 60.793401750728975 64.94620356604406
95.3457611758307 90.66076708004604 88.12132712915984 33.3951676020865 29.51011189840672 28.074631131968893 85.11182424068929 70.94804290494882 67.03987297909134 71.28425100620215 63.706307294467194 61.07861041340669 65.35638957135868
95.4857158763908 90.74506408706043 88.16828054760302 32.59465644152944 29.099954080795353 27.39932294696461 82.49949575038272 67.45726549708473 63.74592402867301 70.19328935610099 62.43409455498017 59.771175841080215 64.13285325072046
94.91143265169761 89.5102222182878 86.79761715851312 30.873921700460066 27.202061510604853 25.81573656375728 82.65851526940887 67.9279490241697 64.26144171060488 69.48128987385552 61.54674425102078 58.958265144291765 63.32876642305602
96.68267260081439 90.31387416593503 87.5485049186206 7.54131134986055 7.0891957766543685 6.598081378899036 79.82108838518263 61.74486481196286 58.35146227004737 61.34835744528586 53.049311584850756 50.832682855855666 55.076783961997435
95.1416721081476 90.29624066545267 87.59867831601247 30.797264399792635 28.02181284760718 26.758584549260355 71.80210625892435 56.824219911102894 53.49696555783813 65.91368092228821 58.38075780805425 55.951409474370315 60.081949401570924
96.27329197075073 88.14089229386086 87.26156440088369 27.2130342964511 24.949991857673552 23.236430388197128 80.11391552764907 65.37075275552962 61.80822528549952 67.86674726495029 59.48721230235467 57.43540669152677 61.59645541961058
96.72506583797797 90.70370528628902 87.83562188317696 30.903957468407743 26.879509422124144 25.2963143138265 84.29100005733862 67.75742597907973 64.27773537694075 70.64000778790812 61.780213562497636 59.13655719131473 63.85225951390683
96.56278504205599 90.38756690624488 87.95147905399061 31.27488921084337 27.46362618098763 25.631305123037084 82.79425463110695 65.49937999830013 61.97901436751874 70.21064296133544 61.11685769517754 58.52059951484881 63.28270005712059
96.74630360036268 90.3569517325564 87.21401773819893 28.70503325930487 25.579508125770477 24.13083871352537 86.36675567859949 69.80876684812858 66.41672468529147 70.60603084608901 61.91507556881849 59.25386037900525 63.924988931304256
95.07589540485574 90.49396584801424 88.13218049645981 31.82827470457742 28.208514343898234 26.58346814627172 81.25822978270858 66.22452675721898 61.89749286090207 69.38746663071392 61.64233564971048 58.87104716787787 63.300283149434094
94.94388301890228 88.40844783836532 87.34977025983139 26.705799338937464 23.91576159030165 22.47876447531645 81.43186889362941 64.55220172500276 61.12021340946063 67.69385041715638 58.95880371788991 56.98291604820283 61.21185672774972
95.34854505288237 87.07527330427554 83.03363223030344 22.145475220708878 19.380791086641004 17.797834913806636 76.2637103273251 59.045507322108094 55.84679846392883 64.58591020030545 55.16719057100821 52.22608853601297 57.32639643577555
94.10879685170791 86.85652752966413 82.33056017352217 24.216712429157454 20.50307556413444 18.84357256138773 71.71258874775566 56.60280713956796 53.293066097286015 63.34603267620701 54.65413674445551 51.48906627739864 56.496411899353724
94.22472884676829 88.04503010918839 86.45524866102299 18.142866513796214 17.385751720846926 17.005727512572104 71.86044056864802 55.253023927105914 52.40480492508042 61.40934530973751 53.56126858571374 51.95526036622517 55.641958087225476
93.32612164857336 86.54438466506417 85.91114907533596 26.640064788808203 24.495443424849277 23.060098978891475 77.30265360564103 57.73417236287586 54.73159349317205 65.75628001434086 56.25800015092977 54.56761384913316 58.860631338134596
94.98422071234313 86.9293189055196 84.4738189668581 25.02770769065876 22.728031278749842 21.518577512300695 55.25651210122196 43.148739674152466 40.241275031247376 58.42281350140795 50.935363286140635 48.74455717013539 52.70091131922799
96.31573204828865 87.75480874442474 86.0069847578538 22.555380754821524 20.115989004003605 18.783519358125993 62.752382472958665 46.900220909902046 44.49855704977869 60.54116509202294 51.59033955277679 49.76302038858616 53.964841677795306
94.55077311618626 87.54337937043489 85.15940973437885 25.196901423584873 21.416435448340494 19.372597913462236 74.01014029234729 57.040244371262325 53.65512976534647 64.5859382773728 55.3333530633459 52.729045804395845 57.54944571503818
94.36798040866617 87.45094928695035 83.97886692540517 31.707018069673097 28.339928741207622 26.328502032136857 72.90668362237214 58.63396313224358 55.58133412780346 66.3272273669038 58.141613720133854 55.29623436178182 59.92169181627316
95.33334854952894 90.25289113469071 88.17204696449782 18.532559855097237 16.48177059220547 16.29213244626126 74.46010939744949 59.42460569923701 56.566661331246095 62.775339267358554 55.386422475377735 53.676946914001725 57.279569552246
95.37220878642769 88.98245581141751 87.04014485620479 24.364661251829528 22.086295276761277 20.608240788226592 84.43224975765139 68.72365211923996 65.17683342729839 68.05637326530287 59.930801069139584 57.60840635724326 61.86519356389523
96.13319506354601 88.82869144220979 86.34177115097229 27.602037224723258 24.83502113706773 23.603734769658928 78.23788789327223 66.43188452545637 63.238754633198255 67.32437339384717 60.03186570157796 57.72808685127649 61.69477531556721
93.25147564605977 85.77610065044318 83.45307822672672 19.215494571058453 17.258640761605644 16.19643908177674 55.292073922636355 41.3838321533068 38.73127583919202 55.919681379918195 48.13952452178521 46.126931049231835 50.06204565031175
92.29891279712619 81.21747755390946 77.62648510831373 22.86147944239972 20.415934574986103 18.78836897464044 68.34557497561786 51.96192883491256 48.87927432881162 61.16865573838126 51.198446987936045 48.43137613725526 53.59949295452419
93.34085381144837 83.66993579378367 80.65395815861382 24.9127229632921 21.443899335435283 19.825130968429068 57.943010790762905 45.82563626176765 43.27257747889258 58.73219585516779 50.31315713032887 47.91722220197849 52.32085839582505
92.05488120704877 83.9015986458805 81.56385153256348 25.825185425595663 22.3617579945481 20.746476152860325 81.70516827712066 64.52345945553162 60.8797246346778 66.52841163658836 56.928938698653404 54.396684106700526 59.284678147314104
95.36977830500153 86.73152614164975 84.03553753754144 19.47990448027442 17.00127135564901 15.91896572284916 74.93947483564736 56.05781567052951 52.771362734781334 63.26305254030777 53.26353772260942 50.90862199839065 55.81173742043595
94.54697712177266 86.44979415260991 84.17792714655603 26.4437152399588 23.40633226783602 22.204569281210375 76.06689676186431 57.07466235281079 53.65669006572815 65.68586304119859 55.64359625775224 53.346395497831516 58.225284932260784
94.73245232232843 87.2409285690235 86.14377440667432 13.953518533021036 12.678187948882632 12.181671756601979 70.62543934963634 54.42575383375039 51.395403479594336 59.7704700683286 51.448290117218846 49.90694988095688 53.708570022168104
94.43821810493944 86.61452860891619 83.98292764773771 8.983300410371609 8.184061800089717 7.555257773030729 68.56289984655832 47.41094687831258 45.03634367448419 57.32813945395645 47.40317909577283 45.52484303175088 50.085387193826726
91.56537070735092 79.38385802102384 77.85105656624745 14.174600220198213 12.640823183770678 12.097944469241575 70.00411760973287 53.20238152594586 50.46965627976403 58.58136284576067 48.409020910246795 46.80621910508435 51.2655342870306
89.13833774118167 79.18314404344244 76.36586822823838 26.974575294344433 25.00008451217625 24.05843989159632 76.50580373165046 60.01883780025108 57.222983431929464 64.20623892239219 54.73402211862325 52.54909718392139 57.16311940831228
90.32945707962007 79.18342501026 78.08389475789166 7.951171026309506 8.285573198155804 7.970605886712398 66.28754143282059 47.035368873691205 44.239733348958175 54.85605651291672 44.834789027369 43.431411331187405 47.707418957157714
93.1923807771452 85.08230745730785 82.80025220717452 19.81132515010106 17.80023294626872 16.587355195288687 71.22420210326396 52.65300970660881 49.45784419121204 61.40930267683674 51.8451833700618 49.61515053122508 54.28987885937453
92.37047168155982 81.25240686640127 80.13785320760869 11.778386527508985 11.005757122610117 10.33798875280025 14.621339560244117 13.67362808337536 13.162427435334559 39.590065923104305 35.31059735746225 34.546089798581164 36.48225102638257
83.73943560552972 77.36610073346868 76.79542508173748 21.27908990059489 19.53988461119191 18.614777133792337 41.08215814600534 37.916655185556216 35.46550284363276 48.70022788404331 44.940880176738936 43.625235019720854 45.75544769350103
93.3069239381173 84.90385680252605 82.59538717831502 10.83950104837151 9.561296890631416 8.290558354868425 61.55547222561288 39.808724636214144 37.910819408608766 55.23396573736722 44.757959443123866 42.932254980597406 47.6413933870295
95.62802358219713 85.25987548797917 81.2534970052344 7.3328610607511795 7.048177406514785 6.966519418035492 69.8425008751159 55.362409965048755 51.89610972330924 57.6011285060214 49.22348761984757 46.70537538219304 51.17666383602067
87.45594379622548 75.42125850059256 70.53795952882535 5.268388711652418 5.535081245894711 6.523061592149664 0.12845555919026963 0.5577645028987899 0.5857999227601978 30.950929355689393 27.171368083128687 25.88227368124507 28.001523706687713
84.14916058345966 76.28304069098438 75.56823319394698 4.256482227860033 4.040025543038428 3.600663603909313 53.90525506183119 38.03553682309002 35.88148423315266 47.43696595771696 39.45286768570427 38.350127010336315 41.74665355125252
92.43839696398439 79.58870097687401 76.95331923517284 19.72970964792645 17.718458293396115 17.22659669919336 79.03719080473401 57.46853806285193 54.58666151923956 63.735099138881615 51.59189911104068 49.58885915120192 54.971952467041405
72.05689088331646 57.09566780832388 57.44199362751124 20.074133341393562 17.28132173108937 16.42419469673152 50.18603162936449 31.517489910360403 29.521471159540436 47.43901861802484 35.298159816591216 34.46255316126106 39.06657719862571
70.86511507920054 51.34021747028672 50.597166458498464 4.682324619107398 4.331807935816106 3.7901581711504804 12.417574726341993 7.712815179892483 7.812060934159108 29.321671474883306 21.12828019533177 20.73312852126935 23.727693397161477
69.36058889146145 61.598091334532135 61.265760866360786 19.64027445360044 18.627388396501573 18.23270948485953 0.0007133439698710293 0.00032152357453977626 0.00032152357453977626 29.667192229677255 26.741933751536084 26.49959729159829 27.636241090937208
85.29565542888952 75.5079956549242 72.08387956607785 8.538584955744067 8.08139412888854 8.024862306226204 36.27102529188922 23.482884399239985 21.88171409451459 43.36842189217427 35.69075806101758 33.99681865560621 37.68533286959936
68.94795090295261 52.96697976421398 53.954721803617986 5.401262252882842 5.211924742875363 5.293918230100024 62.95211726448224 39.92164834889562 37.731952849117626 45.7671101401059 32.700184285328326 32.32686429427854 36.931386239904256
91.4767491804222 79.66611188115267 76.01489249374382 9.38663581604342 10.310738110749055 11.255050702700222 8.410969693710305 6.280424582569248 5.886691763606197 36.424784896725306 32.08575819149033 31.052211653350074 33.18758491385524
74.44845535014203 60.3346467857203 57.44445760377289 5.7264080774829775 4.767688758590876 4.582239304296757 58.443464448775686 36.31607872804881 34.08840648219678 46.20610929213356 33.80613809078666 32.03836779675547 37.350205059891906
70.69447689480087 60.342984162021 57.80230434677328 3.186759707896012 3.0380127024641066 3.3158417769628015 51.90587083848539 37.849065342411784 35.65295450082822 41.92903581372743 33.74335406896563 32.25703354152143 35.97647447473817
78.63140302601369 66.69474967739446 65.9918201986782 0.06694206887932874 0.06235026429079356 0.057860678968685526 31.262093996342127 21.965503140819294 20.575431001162777 36.65347969707838 29.574201027501516 28.875037292936554 31.700906005838817
79.66039938599945 70.29931469489952 68.1689387195902 10.890127791574075 9.225955248358789 9.185656592295018 47.885794122135366 33.47526033074807 31.29573880190793 46.145440433236296 37.66684342466879 36.21677803793105 40.00968729861204
35.92233431826851 36.68327910878851 38.97356049752225 5.524815291654452 5.054763774073995 4.534330916858027 0.012705556184917848 0.06478519284932045 0.06501820445503417 13.81995172203596 13.934276025237276 14.524303206278438 14.09284365118389
16.01475033812331 12.282785583174844 18.413071067490534 1.2746137901791808 1.2959039198750877 1.4991076945795476 41.15762755615982 25.895643733798767 24.536032489433985 19.482330561487434 13.158111078949567 14.81607041716802 15.818837352535006
43.020994836532935 30.7517036660413 29.389807204210676 7.631249634151563 7.707449312488619 8.118498417170535 13.969985256779566 8.675854380017597 8.49097325498516 21.54074324248802 15.71166911951584 15.333092958788791 17.52850177359755
57.95574518827469 47.03281998176621 45.98881142702288 1.3203379284430943 1.4077313297067262 1.4566980870846082 18.44477020018907 12.31183155857108 11.800628368489715 25.906951105635617 20.25079429001467 19.748712627532402 21.968819341060897
55.481816810616216 53.68305619317398 54.71716945430428 4.820214745130604 4.220864917103246 4.309573557715716 41.43403965901483 28.79902725432159 27.17454112265877 33.912023738253886 28.90098278819961 28.73376137822626 30.515589301559917
23.5049039373185 21.546760354725265 24.751296807505156 2.8934123434941235 2.592800212870905 2.2184214707443575 4.957113878392615 3.699681054963374 3.457551551265762 10.451810053068412 9.279747207519849 10.142423276505092 9.957993512364451
39.070717316228276 40.71631478552161 42.143871630081016 8.777851928799487 7.57282192503832 7.281857598119198 20.64278231858386 14.082780722917928 12.971005634524804 22.830450521203872 20.79063914449262 20.79891162090834 21.47333376220161
60.80854746172528 50.627730088844835 46.440257267928004 11.242040967694534 11.547209765188523 11.692859698766856 44.38840228907813 30.74776595642953 28.743122558832507 38.812996906165985 30.974235270154296 28.958746508509122 32.91532622827647
52.910212324426794 48.658846260716096 49.921358989150434 0.46493775560515394 0.4136770772232434 0.4445731431514755 1.296377745218032 1.4102994998373155 1.3773032505184668 18.22384260841666 16.827607612592217 17.24774512760679 17.433065116205224
48.331340139063066 46.87424150633416 47.00000394164569 1.0186676571782778 1.034875169588012 1.1152704768120276 11.590777757447432 16.664536778368415 15.598918101461004 20.313595184562924 21.5245511514302 21.23806417330624 21.025403503099785
27.566089326842857 26.3077628432555 27.53229987918887 0.10197700026553748 0.0934025539318644 0.08475152766141189 17.167115391411496 12.176449298932226 11.803942983108547 14.945060572839964 12.85920489870653 13.14033146331961 13.6481989782887
45.920511244126 36.1324207225544 37.137885168355176 5.339787261557843 5.268141812089695 5.217553920306032 23.807407949684066 14.490828459491798 13.653890198143376 25.02256881845597 18.630463664711964 18.669776428934863 20.774269637367603
55.40105348976555 43.794847091979264 44.247656319391126 1.2998886327798187 1.2300744449523202 1.2788499683453363 23.210735298442096 13.076896126912171 12.290337775366067 26.637225806995826 19.367272554614587 19.27228135436751 21.758926571992635
18.004417119822197 13.94360741620439 16.141671947180683 0.7293476717923676 0.9625226294890439 1.364769042301005 14.233451249500769 9.34900060595345 9.105338705206771 10.989072013705112 8.085043550548962 8.87059323156282 9.314902931938965
43.40021345755479 35.72432648050616 35.98518742767866 1.329829372959925 1.4306891991511823 1.823084474909855 10.876727205118108 7.586337779080811 7.726768487945034 18.53559001187761 14.91378448624605 15.178346796844517 16.209240431656056
42.65917903222382 40.2884698540928 39.64371601909526 0.07183011558235199 0.0927823659168606 0.10773149814861209 34.54000160662352 21.90155811985858 20.726885444562893 25.757003584809894 20.760936779956083 20.15944432060225 22.225794895122743
39.921070838056195 38.5947387982094 38.411257787995304 0.8759070305075867 0.8788988052401293 0.9574801266552604 20.317067642025542 13.942324070150466 13.944665702201583 20.371348503529774 17.805320557866665 17.771134538950715 18.649267866782385
21.119893601787172 17.692533968659284 17.559649541462164 0.9933084239848268 0.6857890381037512 0.6391604608244134 4.292744137693936e-07 2.9990851707107533e-05 2.9990851707107533e-05 7.371067485015472 6.126117665871582 6.066279997712762 6.521155049533271
17.897201481646636 18.6561415631364 19.35181493733343 1.1656236493278103 1.030594092488466 1.173134907138113 1.9365706757054153 2.5203336566604357 2.4243297888627726 6.99979860222662 7.402356437428435 7.649759877778105 7.350638305811052
31.675406219727158 32.82986094818822 34.643228709931414 1.373401283416798 1.0492980150973388 1.049399376546822 36.22534411836135 25.31149453852435 23.64776988927976 23.0913838738351 19.73021783393664 19.780132658586 20.86724478878591
0.0021446435883703337 0.0161268013324773 0.03788137574122178 0.003223702835123893 0.0022810812965882764 0.0031146907642424925 0.0005364335738821029 0.0012661929876806673 0.0030927939773457173 0.0019682599991254434 0.00655802520558208 0.014696286827603329 0.0077408573441036166
25.880467810421454 22.17191662064403 23.313296904694592 0.05989942140302621 0.07163504301306972 0.0815923397710148 26.019334900595304 17.0348074714016 16.375674747682613 17.319900710806596 13.0927863783529 13.256854664049406 14.556513917736302
1.7411197034886514 2.5073577973020966 3.057055304311245 0.5252099091084956 0.4902060453423504 0.5289066739817656 8.268913678185651 5.865510658481231 5.428959315919574 3.511747763594266 2.9543581670418924 3.004973764737528 3.1570265651245624
5.452512537406708 4.7068138563697435 5.79755858327247 0.005019176212107748 0.0043366835604482816 0.004386555252803378 0.0971300207040791 0.055248467257733386 0.054058323017900464 1.8515539114409651 1.5887996690626418 1.9520011538477247 1.7974515781171105
30.753024321040375 22.950182393435075 25.42199930912409 0.000933083283065838 0.0010131468160583849 0.0010978295680183975 30.654004859899782 16.126586677176192 15.017128852048184 20.469320754741073 13.025927405809108 13.480075330246763 15.658441163598983
0.08583247613914449 0.14755091951776708 0.3913851659921444 0.4317768083206386 0.29647197165586264 0.26950532381778264 4.101129596778728 2.6093914538992773 2.3417472381634075 1.5395796270795037 1.017804781690969 1.0008792426577782 1.1860878838094167
5.35852754167097 9.363868187317276 12.410901119954438 1.1210131122431048 0.861891713601289 0.9438686753009153 6.249323004934702 4.219811365922036 4.065189785967749 4.242954552949592 4.8151904222802 5.806653193741035 4.954932722990275
1.084390429226777 0.5052437096638505 0.8705551614552675 1.6926510681042304 1.700428683202839 2.119881102753343 0.004811089252603232 0.007031109457437361 0.0076894766669328395 0.9272841955278701 0.7375678341080422 0.9993752469585143 0.8880757588648089
15.781806195768356 19.727944697775573 20.458859257195737 0.7305619483193991 0.9423871650517522 1.0204998921941524 15.82979123049763 10.795793066368827 9.81807157730779 10.780719791528462 10.48870830973205 10.432476908899227 10.567301670053247
25.37951397844006 22.950333515617892 23.15122026673296 0.5495181166036153 0.49062319189343095 0.45073418880484967 2.34517879063238 1.3422732999441902 1.2683643387426309 9.424736961892018 8.261076669151837 8.290106264760146 8.658639965268002
0.012282211656617113 0.11930047572137714 0.27689032996332197 0.013820068359515518 0.014851936781706229 0.018954663226135243 0.5235726154800842 0.41999872631778795 0.4326473772086175 0.18322496516540557 0.18471704627362376 0.2428307901326916 0.20359093385724028
2.775016706418295 3.4000256565034026 4.203437544958634 0.12780281034961694 0.09446733913307748 0.10840883916873381 0.008479760427377522 0.048305820154794565 0.03849544172725699 0.9704330923984298 1.1809329385970917 1.4501139419515414 1.2004933243156877
0.24760570058234382 0.49194682992591726 0.9542325109358843 0.000727721086623781 0.0008043131552474719 0.0006951343523581082 0.24810202906256745 0.23457580029040978 0.241877229051885 0.16547848357717834 0.24244231445719153 0.3989349581133758 0.26895191871591523
0.022584607768696974 0.03710064041150138 0.11807338244461195 0.006903654614906366 0.006748760910247644 0.008769254957600352 0.012149114722537586 0.0130475728633251 0.01440535038260146 0.013879125702046975 0.018965658061691374 0.04708266259493792 0.02664248211955876
1.0253640232387324 0.6755354198037753 0.8795260586756121 0.007147799038031952 0.015489522514201506 0.031025998745193198 0.06039112549519949 0.07524964091307974 0.08527098982823039 0.36430098259065463 0.25542486107701884 0.33194101574967855 0.3172222864724507
0.0021188068994880825 0.002199533060006497 0.00929211013403432 0.0 0.0005179821351320347 0.0005179821351320347 0.0 0.0003947903898386081 0.00040774559105855496 0.0007062689664960275 0.0010374351949923798 0.003405945953408303 0.0017165500382989036
0.31488966067425045 0.7948878722965772 1.0173840084643377 0.0 0.0 0.0 0.09372241586926863 0.10266483605953787 0.10569918013588017 0.13620402551450636 0.29918423611870504 0.3743610628667393 0.2699164414999835
0.01752699066127162 0.05670409426660109 0.26736425153622756 0.005504862022880993 0.022801745511294727 0.03604554536631801 0.04037044124484038 0.10798657858401628 0.10841375422618331 0.021134097976330996 0.06249747278730403 0.13727451704290963 0.07363536260218155
4.882165806638119 6.100338641037969 6.430135714218831 0.006214981118398597 0.010649589339519979 0.014363290783314333 2.0342524850261254 1.6080629413446437 1.6125133903615454 2.307544424260881 2.573017057240711 2.6856707984545634 2.522077426652052
4.231153409287384 4.833523035324363 6.024501234822247 0.11241204930585955 0.14646502137406833 0.18873810863920196 0.02955008667360545 0.022186215849041863 0.03859361647805286 1.4577051817556166 1.667391424182491 2.083944319979834 1.7363469753059804
0.14018482414570133 0.22825929834747383 0.2500262278712054 0.003554308751532006 0.0038379273140817655 0.006388467170949825 0.018639721507335463 0.0028146434852181967 0.011782020750567506 0.05412628480152293 0.07830395638225794 0.0893989052642409 0.07394304881600727
0.030102295879653827 0.026056370486470384 0.05583348796232527 0.011778737754417495 0.009550448124013566 0.010955086775463937 0.004844147460035231 0.012970941383234416 0.013349265655343721 0.015575060364702185 0.01619258666457279 0.026712613464377644 0.01949342016455087
0.0 0.0 0.0 0.0 0.0 0.0 0.0 0.0 0.000732499623917077 0.0 0.0 0.00024416654130569236 8.138884710189744e-05
1.1530420230794476 1.6585079282318949 1.78424108638268 0.006090922242072044 0.006655330907913325 0.007812215957138579 0.09229175222640615 0.06759825307916442 0.0685308656536407 0.41714156584930856 0.5775871707396575 0.6201947226644865 0.5383078197511508
2.3171988600060933e-05 0.00014783902301651697 0.00024322133521076706 0.0003801777308620785 0.0004294321590536061 0.0005883472842129127 0.00047160124510818276 0.0006918627357674923 0.0006918627357674923 0.0002916503215234407 0.0004230446392792051 0.0005078104517303906 0.0004075018041776789
0.00036753306300026025 0.0004238940019643385 0.0007027998831403829 0.003307422308973557 0.005182018427935253 0.005998332578444277 0.0 0.0006666907800730023 0.0006666907800730023 0.0012249851239912724 0.002090867736657531 0.002455941080552554 0.0019239313137337862
0.0 8.786425466894129e-05 0.00017567094371666845 0.0 0.0017607782422264153 0.0022350271480632163 0.0 0.0 0.0 0.0 0.0006162141656317855 0.0008035660305932948 0.0004732600654083601
0.006798123846433505 0.009580977379367231 0.013593852992408655 0.003947564695792911 0.0031054512789453525 0.0034889237631711193 0.004659259343066183 0.010117680395059293 0.010609634986044015 0.005134982628430866 0.007601369684457293 0.009230803913874597 0.007322385408920918
0.012789648654797781 0.022915211462816335 0.053688430913560674 0.007673888186827044 0.011719537380349204 0.016867581100195837 0.015380532023106765 0.01613599755843617 0.01749004009869118 0.011948022954910528 0.016923582133867236 0.029348684037482562 0.019406763042086776
0.0002150521607691938 0.0005543592202144643 0.0009420748772919991 0.0 0.0 0.00030848546795720776 0.0026997106315614166 0.0028962018789479155 0.004283029956455616 0.0009715875974435368 0.0011501870330541265 0.001844530100568274 0.001322101577021979
0.0 0.0006272055895095176 0.0009702008104402796 0.0 0.0 0.0 0.00021749388715705024 0.0004635345830904518 0.00011282516189531968 7.249796238568341e-05 0.00036358005753332317 0.00036100865744519975 0.00026569555912140205
0.0 0.0 0.0 0.0 0.001398071793980081 0.001398071793980081 0.0 0.0 0.0 0.0 0.00046602393132669364 0.00046602393132669364 0.00031068262088446245
0.00040644758667553605 0.0008455231441560899 0.001375380413323592 0.0011072539904858232 0.0006129672013156527 0.0007234706595721452 0.003003005534940482 0.002456180567802081 0.002494123833459624 0.0015055690373672805 0.0013048903044246077 0.001530991635451787 0.0014471503257478917
1.8366867921707333e-05 0.00013533508402452943 0.00018831354470138744 0.0 0.0 0.0 0.0 0.0 0.0 6.122289307235778e-06 4.5111694674843144e-05 6.277118156712914e-05 3.800172184973602e-05
0.0 0.00028259606082037535 0.00031438040997353023 0.00041959578572785657 0.0010007202927279112 0.0011043685018254786 0.0006649950605357897 0.0009698710189330729 0.0011060797262525228 0.00036153028208788207 0.0007510624574937865 0.0008416095460171772 0.000651400761866282
0.0 0.00035030955122348356 0.00042307610764850934 0.00014986343783279676 0.00019927616795133667 0.00025407232671867706 0.0 7.473230498428193e-05 7.473230498428193e-05 4.995447927759892e-05 0.00020810600805303405 0.0002506269131171561 0.0001695624668159297
0.0 0.0 0.0 2.7554523181748633e-05 7.017507948703388e-05 0.0001078511436506565 0.0 0.00017399655082800207 0.00017399655082800207 9.184841060582877e-06 8.139054343834531e-05 9.394923149288618e-05 6.15082053306048e-05
0.0 4.152991095584471e-05 9.388548799533865e-05 0.0 0.0 0.0 0.0 9.002820589036463e-05 9.002820589036463e-05 0.0 4.3852705615403116e-05 6.130456462856776e-05 3.5052423414656956e-05
0.0 0.0 0.0 0.0 0.0 0.0 0.0 0.0 0.0 0.0 0.0 0.0 0.0
