94.68171683090682 88.14683953309803 86.38206495794381 57.19293197395279 49.62464770384794 45.572245587329476 84.87213354174274 64.50048256322918 60.53264955082266 78.91559411553412 67.42398993339172 64.16232003203199 70.16730136031927
94.68171683090682 88.14683953309803 86.38206495794381 57.19293197395279 49.62464770384794 45.572245587329476 84.87213354174274 64.50048256322918 60.53264955082266 78.91559411553412 67.42398993339172 64.16232003203199 70.16730136031927
94.68171683090682 88.14683953309803 86.38206495794381 57.19293197395279 49.62464770384794 45.572245587329476 84.87213354174274 64.50048256322918 60.53264955082266 78.91559411553412 67.42398993339172 64.16232003203199 70.16730136031927
94.68171683090682 88.14683953309803 86.38206495794381 57.19293197395279 49.62464770384794 45.572245587329476 84.87213354174274 64.50048256322918 60.53264955082266 78.91559411553412 67.42398993339172 64.16232003203199 70.16730136031927
94.68171683090682 88.14683953309803 86.38206495794381 57.19293197395279 49.62464770384794 45.572245587329476 84.87213354174274 64.50048256322918 60.53264955082266 78.91559411553412 67.42398993339172 64.16232003203199 70.16730136031927
94.68171683090682 88.14683953309803 86.38206495794381 57.19293197395279 49.62464770384794 45.572245587329476 84.87213354174274 64.50048256322918 60.53264955082266 78.91559411553412 67.42398993339172 64.16232003203199 70.16730136031927
94.68171683090682 88.14683953309803 86.38206495794381 57.19293197395279 49.62464770384794 45.572245587329476 84.87213354174274 64.50048256322918 60.53264955082266 78.91559411553412 67.42398993339172 64.16232003203199 70.16730136031927
94.68171683090682 88.14683953309803 86.38206495794381 57.19293197395279 49.62464770384794 45.572245587329476 84.87213354174274 64.50048256322918 60.53264955082266 78.91559411553412 67.42398993339172 64.16232003203199 70.16730136031927
94.68171683090682 88.14683953309803 86.38206495794381 57.19293197395279 49.62464770384794 45.572245587329476 84.87213354174274 64.50048256322918 60.53264955082266 78.91559411553412 67.42398993339172 64.16232003203199 70.16730136031927
94.68171683090682 88.14683953309803 86.38206495794381 57.19293197395279 49.62464770384794 45.572245587329476 84.87213354174274 64.50048256322918 60.53264955082266 78.91559411553412 67.42398993339172 64.16232003203199 70.16730136031927
94.41088827713578 87.84951578309062 85.300248247588 56.521751078820316 49.09327247980676 44.75807503833062 84.47444962825485 63.69367069010359 59.6879417940462 78.46902966140364 66.87881965100031 63.24875502665494 69.53220144635297
94.44838388190668 87.89454082485662 85.25092807079193 55.96148699296592 48.820184683077926 44.39476764931264 82.41358123623496 62.52157600018337 58.50180081891045 77.60781737036919 66.41210050270597 62.71583217967168 68.91191668424894
94.44475558357507 88.05654683363872 85.40299093173364 52.11687025797793 45.96655271794322 42.21364200447131 83.88188738385679 63.51219647234845 59.870052273767094 76.81450440846993 65.84509867464347 62.49556173665735 68.38505493992358
94.56672953028009 88.02660412331994 85.31049213616669 56.31306920356075 49.27811826344431 45.32684803633585 84.10638616525097 64.39285444716184 60.45900603480785 78.32872829969726 67.23252561130869 63.698782069103466 69.75334532670314
94.67299509861763 88.16892347797443 86.57683876389326 56.11319648347865 49.175874900719144 44.98675743527368 83.86570779301596 63.96487299871222 59.87795652261105 78.21729979170408 67.1032237924686 63.81385090725933 69.71145816381068
94.68852652801792 88.10970891324153 85.24144575126138 56.182981637757045 49.05350494584254 45.15420116410404 83.93364577944918 63.9531279900982 60.16337918761596 78.26838464840806 67.03878061639409 63.51967536766046 69.60894687748754
94.47669372544863 88.06482482817275 85.5010429485976 56.645146529107905 49.31166792644412 45.41500154751722 84.09978634105057 63.949469563294095 60.052353632664136 78.40720886520238 67.10865410597032 63.65613270959298 69.72399856025521
93.90458641628474 87.80692063205491 85.24620273346763 55.72502244127754 48.93880041417226 44.800192384404596 82.88813230768241 61.83856020580703 58.02239121695116 77.50591372174823 66.19476041734474 62.68959544494114 68.79675652801137
93.60326414160832 87.93986565322504 85.45499969856904 55.207600430130995 47.81320963262893 44.07818489578685 84.35956206589881 64.84464067254943 60.951692504256215 77.72347554587938 66.8659053194678 63.494959032870696 69.36144663273929
94.62289980205853 88.11830594045382 85.52038092859041 55.59561586949704 48.30387734564178 44.30920801505723 84.24870873054978 64.34408409736552 60.580429801932986 78.15574146736844 66.92208912782037 63.47000624852688 69.51594561457189
92.57306825177774 87.80714104261145 85.3338965751487 52.04511667547058 44.90017087998899 41.413778647140674 83.64134244715734 63.08721729539013 58.92736587028088 76.08650912480188 65.26484307266352 61.89168036419009 67.74767752055183
94.18685855300127 87.60131617998942 84.62725678173378 55.617554068445074 48.394290813363064 44.42689842524329 82.31837005607996 63.17259150109962 59.60490279491422 77.37426089250876 66.3893994981507 62.886352667297096 68.88333768598551
94.37377242007095 87.60635616202678 84.82300645059061 54.48173971063473 47.424945626442586 42.73791345084034 80.94127904437023 59.12043344206317 55.267480726919295 76.59893039169197 64.71724507684418 60.94280020945008 67.41965855932875
93.53535457437717 87.0178822519979 84.41126593179811 52.767951140947154 46.161976516659074 42.26943748457537 70.39474899541894 55.572035366447004 51.77664585344526 72.23268490358107 62.91729804503466 59.48578308993958 64.87858867951844
94.37812071953906 87.63777906969914 85.26157516849648 52.17939347323829 45.818196250929454 41.81626789589068 82.03479877126674 61.262760935319996 57.525230708523935 76.19743765468137 64.90624541864953 61.5343579243037 67.5460136658782
94.49315462766077 88.01803194927224 85.21257628625781 56.15673342876952 48.88549919405645 44.87263254542615 83.68346932837395 60.956858488203544 57.22465283967355 78.11111912826807 65.95346321051075 62.43662055711917 68.83373429863268
93.93834069634359 87.30894021374749 85.00963839910831 54.645421863704094 47.94920539021329 43.876293899884075 82.61872405685263 62.546143326404135 58.61623712353282 77.06749553896678 65.9347629767883 62.50072314084173 68.50099388553228
93.63519033639385 86.84530337716389 83.94002326474249 55.421553982415475 48.40935587825825 44.60201827872921 85.4772558024485 62.861881814406885 58.86463708708681 78.17800004041926 66.03884702327635 62.468892876852834 68.89524664684949
94.07244294467223 87.6334477947218 85.34521386425186 56.58888152721805 49.30722638132054 44.73758463539307 80.06785423648003 60.25202320860173 56.29760501847392 76.90972623612343 65.73089912821469 62.12680117270628 68.25580884568146
93.9016822740317 87.7905496647298 85.43256046498065 56.01200263634352 48.622770645468435 44.72785415381223 82.42962561125718 58.933336146890305 55.28211655939593 77.44777017387747 65.11555215236284 61.814177059396265 68.12583312854554
93.74788656005488 86.63421277633326 82.45357633273422 53.072320851216844 46.09023453352227 41.51557622871554 83.37515444009709 57.97250368388098 54.61017918964095 76.73178728378961 63.5656503312455 59.526443917030235 66.60796051068844
91.01088390306806 83.6414767093201 79.14309761437981 47.26544169925352 40.153325598323235 35.775697844103455 71.45068310619313 55.34165629180931 52.00529969427483 69.90900290283822 59.71215286648422 55.64136505091937 61.75417360674727
91.8088521482771 86.27417302467684 84.13627827471133 49.86654816822424 42.86379044848723 38.90138766771516 71.17474318039038 53.06331856913079 49.97307600303766 70.95004783229724 60.73376068076495 57.67024731515471 63.118018609405645
89.93524808458078 83.55759419552106 82.90809085031678 48.70456768736908 43.58736450668895 40.39407409197733 79.47885343155484 56.57478975318539 53.00018817708689 72.7062230678349 61.23991615179847 58.76745103979366 64.237863419809
94.06536746976137 86.90561212344221 84.6860035227062 48.89659011422999 43.49094069365738 40.36759458283005 78.53844388705915 58.58631691644347 54.608325353426636 73.83346715701684 62.99428991118102 59.887307819654296 65.57168829595071
93.69959674336393 86.89313020252246 84.36811169811537 52.732181963740146 46.39481771994208 42.34799333340078 80.865544735648 57.095361015829205 53.8343421702726 75.76577448091736 63.461102979431246 60.183482400596255 66.47011995364828
92.47176588060103 85.77923982366747 82.39731043722635 42.615062178288085 35.363697083393184 31.123926442239615 74.20646121162918 53.724625368265045 50.343345637791835 69.76442975683943 58.289187425108565 54.621527505752596 60.8917148959002
91.57536757101225 84.88046940691764 82.67349464413094 50.97462867612735 44.18113265929334 40.340654956032886 78.18599450228558 56.20587605474735 52.911134968298214 73.57866358314173 61.75582604031945 58.64176152282067 64.65875038209396
92.40487681293187 87.26143173371312 85.21615638842697 54.6701167707692 47.52512282762685 44.02913017911192 79.42448064141858 59.160614509637035 55.4254274484 75.49982474170656 64.64905635699235 61.55690467197962 67.2352619235595
92.8178133374176 86.15962760041576 84.21497783277702 53.21695120615957 46.92149633407793 43.059195982944765 82.52780764999507 60.80449990436871 57.06205278246493 76.18752406452408 64.62854127962079 61.445408866062245 67.42049140340237
92.74293485366505 85.32523988937146 82.6300435142311 48.585627430832965 42.56635209845799 39.64987605579663 76.3650658227993 58.16765522790336 55.093503876702755 72.56454270243243 62.019749071910944 59.1244744822435 64.56958875219561
92.69648376156702 85.50010748863197 83.11810118571964 39.9254573243577 33.95280296255391 30.61426747130177 72.33361193380262 54.48198276672629 51.00548645469418 68.31851767324245 57.97829773930406 54.91261837057186 60.40314459437278
92.49786401614053 84.04609698991216 80.77489154662413 45.345748230264235 39.100781825870015 35.57461985937663 68.70722337891847 51.75949010246548 48.223283295161394 68.8502785417744 58.302122972749224 54.85759823372072 60.66999991608144
92.48300617867778 84.80120301048304 80.76720851505105 43.099539408597316 36.612322030225094 33.09888597779723 60.013491176344914 47.721334120167064 44.36048215986137 65.19867892120668 56.37828638695839 52.74219221756988 58.106385841911646
91.64706916911355 84.73095372124804 83.13428590739082 51.6278579195551 44.43512769568711 40.15039299013496 80.84361841509518 60.45748871796249 56.57089011306389 74.70618183458794 63.20785671163255 59.95185633686322 65.95529829436124
94.8369642105192 85.03676690332051 82.15279904779109 42.67492181478802 37.34751778213868 33.580886342952276 73.8619516112737 51.028532118065414 48.14692360423443 70.4579458788603 57.80427226784153 54.626869664992604 60.96302927056482
91.54336427851533 84.0841273348188 81.82875700327949 52.072651877387365 45.284664105242925 41.808629968397426 74.62732734235634 53.48116329337359 49.93498914133788 72.74778116608634 60.9499849111451 57.85745870433826 63.85174159385657
92.44387476457042 84.43839671165071 82.05787769660627 50.345882960099644 43.98796863427137 39.58819546105009 68.72231226742525 50.949689914594096 47.79372098873315 70.50402333069844 59.79201842017206 56.47993138212984 62.25865771100012
92.64762270500114 84.66040035142119 82.14063419454106 34.39286841043671 30.677071721464657 27.409533007854147 73.89346686962463 49.860562828374825 46.81525309449451 66.97798599502083 55.066011633753554 52.12180676562991 58.0552681314681
93.33572841186859 86.2479919482453 83.67540935649875 52.77319070455363 45.699908887833615 41.50177290924682 79.31786282120139 56.89538794743261 53.10209594549424 75.14226064587454 62.947762927837175 59.426426070413264 65.83881654804166
85.08725491511063 76.12221286507655 74.9640180443175 43.387308405565925 38.926462212810215 36.46295089646151 79.44405324785775 59.042830831783114 55.284876871680936 69.30620552284478 58.03050196988996 55.570615270819985 60.96910758785158
89.48647398941854 80.38871612673076 77.44673088954134 32.53485868832378 28.737325752471442 25.964320283088295 72.31062867340177 51.71839354777143 48.29628912852219 64.77732045038137 53.61481180899121 50.56911343371727 56.320415231029955
92.20543191291212 83.55960327425942 80.51070925929425 51.23007474223048 45.83221405575155 42.4131050633046 67.36000082730385 49.11157358697994 45.968598153955256 70.26516916081549 59.50113030566363 56.29747082551804 62.02125676399904
91.08485407005006 83.37491226972207 81.2327819289863 45.65296422177824 40.40674199747899 36.9474511624372 15.44769409511394 15.746670184801845 15.1686961243895 50.728504128980745 46.50944148400097 44.449643071937665 47.229196228306456
82.987956093238 77.09174462750961 75.81444971402448 29.248896691159228 26.25569710702857 24.22798703139193 39.53074440451879 33.641381647131475 31.236730309338068 50.58919906297201 45.66294112722321 43.75972235158483 46.67062084726001
90.06478720594012 82.19275785411607 79.70423670377488 28.017960684153564 23.64376138881293 20.615303508126733 63.54590878180492 40.07103083656543 37.60699265153104 60.542885557299535 48.63585002649814 45.97551095447755 51.71808217942507
90.82220207510595 81.25303714091218 77.4810668420212 41.523880137550115 37.28253255083446 34.221410126862764 70.76523532160095 50.08842944831792 46.771220634157096 67.703772511419 56.20799971335486 52.824565867680356 58.91211269748473
79.63807749022503 70.03686926683395 65.3848441359799 7.514159383964102 7.486716881260613 8.129636443721312 29.56352693177421 21.716103922615805 20.804924081429828 38.90525460198778 33.07989669023679 31.43980155371035 34.4749842819783
81.3666021413762 75.10169096290433 73.74696216095536 32.11254659054952 27.209441384211235 23.607810856662645 55.65292866614377 38.828146163855834 36.470639807855555 56.37735913268983 47.0464261703238 44.60847094182452 49.34408541494605
85.41205645547082 78.92909694475274 76.42700350825862 38.13901461840888 32.89813330167426 31.078084759770437 77.05911108529175 53.09603718652245 50.03336627944238 66.87006071972381 54.97442247764982 52.512818182490484 58.1191004599547
46.01818360177926 44.04804123109269 47.03338478329108 37.67352040332524 33.02137252695644 30.274742814361694 44.96781140851422 28.271726220547635 26.552029805338005 42.88650513787291 35.113713326198926 34.62005246766359 37.54009031057847
80.5400755111669 69.21151193802922 65.62902296220145 6.942993388067577 6.197270966032368 5.438320224120676 13.29016161666163 8.29180914322578 8.16407893956742 33.59107683863204 27.900197349095787 26.41047404196318 29.300582743230336
83.59810705851685 75.99138026174852 73.69446260890201 29.10590083299343 26.673930052354212 25.16544476967001 59.03558503518984 35.739235423456826 32.94916429754299 57.246530975566706 46.13484857918652 43.93635722537167 49.10591226004163
78.36250432551898 72.94125396609978 69.98201379884578 31.61106909709438 27.42547338933098 25.707025656531435 52.02807661489429 35.51475304004404 33.23226648371108 54.00055001250255 45.2938267984916 42.973768646362764 47.42271515245231
79.04850886009089 64.586659446472 64.41319473840767 36.78196181641396 33.32140098572698 31.16126759768999 61.85418611053686 37.85855091866732 35.34305239344127 59.228218929013906 45.25553711695543 43.63917157651298 49.3743092074941
85.21973331830563 77.00172217950475 72.69930622783194 19.348998756610634 19.754542805570548 20.388576143303013 56.2503038389283 38.121307849597585 35.71017290770413 53.606345304614855 44.95919094489096 42.932685092946365 47.16607378081739
84.59955144513798 73.14209259468704 68.51640692580722 39.29259675667419 34.702868297935765 32.57797181347569 62.13401758274528 38.44116605362109 36.232576869700196 62.00872192818582 48.762042315414625 45.77565186966103 52.1821387044205
86.21339482904379 75.48809075869256 71.00472584272245 31.25372608949754 28.474071793116394 27.039262363887705 62.91410777163382 46.17292644069898 43.18551653378118 60.12707623005838 50.04502966416931 47.07650158013045 52.416202491452715
75.24931415307232 72.89749106768649 71.64995935726314 9.119700558376561 8.261013816438432 8.359162630467354 48.70495823421736 34.41788747701743 32.415330830801615 44.35799098188875 38.52546412038078 37.47481760617737 40.119424236148966
43.72690791096541 47.7614414945473 49.278023711228954 24.794647683658926 20.15981762097825 19.07050208491395 40.648999934141195 30.309770384845642 28.460925241168567 36.39018517625518 32.74367650012373 32.26981701243716 33.801226229605355
79.30748118364251 71.44039656691733 67.97806455515095 34.358725892214295 30.888356717746785 27.724999699228963 57.49605002670476 36.37371955526527 33.97101652669589 57.054085700853854 46.2341576133098 43.22469359369194 48.837645635951866
10.14965540082868 8.159939913939471 11.98543477692268 17.610468107244067 16.626177461512786 15.6742897148446 42.020125642043666 26.704988856512635 25.04489383637137 23.260083050038805 17.16370207732163 17.56820610937955 19.330663745579997
48.963210885402994 43.61746168718096 39.32286093341225 20.52407437867194 20.388341561933927 19.22181173219118 24.847627152951116 15.251099830151238 14.511857775355768 31.44497080567535 26.418967693088707 24.352176813653063 27.40537177080571
73.33620972228046 65.57644468997873 61.54406752806671 23.942478843498478 21.966203373561406 19.911963685015692 25.402378249229784 16.063123771050087 15.448118080233439 40.89368893833624 34.53525727819674 32.301383097771954 35.910109771434975
26.86327692575574 32.69117881699691 34.100347824738755 13.79006728525807 10.943181636944457 10.799600218905844 38.454514880360755 26.65466370636629 24.81705615151736 26.36928636379152 23.429674720102554 23.23900139838732 24.345987494093798
30.250018569750832 33.41341716819291 35.55740344640883 4.390107807796994 3.735398703154644 3.0209971987324216 4.545733812542456 3.140212295361651 2.9394524135553457 13.061953396696763 13.429676055569734 13.839284352898865 13.443637935055119
45.362119456110165 43.366352704209675 43.44285012567901 16.863642693889087 15.041141997940649 14.05537328158411 26.098027804176066 16.897491731822196 15.750528855193874 29.441263318058443 25.101662144657507 24.41625075415233 26.31972540562276
65.36653144137028 58.470771005275004 55.121519727304694 15.881151905310379 15.280579619552054 14.890619616997663 46.86721567444341 32.39979137419904 30.2512696482601 42.70496634037469 35.383713999675365 33.421136330854154 37.1699388903014
50.09793799105934 49.362740096509164 48.696482448814315 0.4489255541295281 0.3757027954292943 0.39523658018048563 1.030761383735695 0.9685526446034272 0.9625386935757535 17.192541642974856 16.90233184551396 16.684752574190185 16.926542020893
14.50562329299169 17.429905878651347 19.485746587003234 21.568138630380894 20.934890672878996 20.24445270899211 14.653487421087135 15.77713401757436 14.762517066684353 16.909083114819907 18.04731018970157 18.1642387875599 17.70687736402712
24.72791866083221 26.391463669808335 26.55439059899358 13.622186823100838 12.35297413305495 11.74852106371091 18.91918317577046 13.261907664489403 12.754862212809675 19.089762886567836 17.335448489117564 17.01925795850472 17.814823111396706
50.59205701641165 45.869142084093895 43.88037345906716 21.744844088603806 19.473407144200735 18.314287388920484 30.054538707748335 17.519773848150987 16.346089878656503 34.13047993758793 27.620774358815208 26.180250242214715 29.310501512872616
56.04516792988069 48.429001188863694 46.327449286278096 12.4379354294718 11.905866650059252 11.432371423206229 29.962341033624252 17.120992429940348 16.10576509740693 32.81514813099225 25.818620089621096 24.62186193563042 27.751876718747923
26.01815464248744 22.971859390904907 22.96951843623136 1.7823777671503307 2.2493948527374004 2.815016829037607 15.646657501002457 9.67878894709539 9.30895390667274 14.482396636880075 11.6333477302459 11.697829723980568 12.604524697035512
58.690115148896574 50.65427815016108 48.37636643172562 18.297230725425656 18.119651288631495 18.707617137633083 15.448596734748499 10.315002084626272 10.449946906991697 30.811980869690245 26.36297717447295 25.844643492116802 27.67320051209333
5.5831953869891855 10.629358114429639 12.623708963844068 8.89758647985142 8.987881686186117 9.144683222615848 36.46908630736753 24.07356507703789 22.587231077112456 16.98328939140271 14.56360162588455 14.785207754524123 15.444032923937126
40.133844597399666 42.765732480252545 39.960600413237444 8.27033473122599 8.019070853525491 8.701263495714825 19.226726953344254 13.346200474922638 13.074710660319125 22.543635427323306 21.37700126956689 20.57885818975713 21.49983162888244
29.701305023862844 26.660186021279475 24.66331753795826 1.084135577975848 0.7085036771141485 0.6167057386325536 2.562570815783357 1.7037773003328194 1.5561409434064029 11.116003805874016 9.690822332908814 8.945388073332404 9.917404737371745
11.753730348209615 16.362295341194763 17.07700361618609 2.120672385015105 1.9195424401209324 2.249368494648044 15.514753770033291 12.013999266128803 11.495049015874184 9.796385501086004 10.098612349148166 10.273807042236106 10.056268297490092
13.509566798408331 18.893901379595274 21.366239502687687 11.367193466805428 9.185379858908785 9.049076972496035 38.706241085530294 27.35926479569451 25.525259597821243 21.194333783581353 18.479515344732857 18.646858691001654 19.440235939771956
0.0020268533349152677 0.05240124948127851 0.07214418954930135 0.026464199921783838 0.014399701709292407 0.023480176183715 0.18662377199636024 0.37996141565637737 0.41655406233277165 0.07170494175101978 0.14892078894898275 0.17072614268859598 0.13045062446286618
9.93090574453817 14.039124742085251 16.083336089668524 1.8185844873210875 1.605514293513318 1.7723939211707749 19.94375490090972 13.25838981973933 12.76592346476732 10.564415044256327 9.634342951779301 10.207217825202207 10.135325273745943
1.633347211487204 2.725983700745638 3.1600107773581834 2.3804926477486377 1.8340737907495248 1.8714665600809084 18.198260817908825 11.040122874815717 10.017290995060335 7.404033559048222 5.2000601221036264 5.016256110833143 5.873449930661663
4.509907549832888 4.383282328730047 4.5021138385794925 0.02336448598130841 0.02156789197299325 0.02156789197299325 0.09404331082103502 0.06792149205999817 0.06867283565107837 1.5424384488784104 1.4909239042543463 1.530784855401188 1.5213824028446483
23.32792550932199 18.607847743040583 18.868211908432027 12.800201850095986 12.022874195097144 11.85662009648277 32.54539834903053 18.579842528035908 17.422732846728444 22.891175236149497 16.403521488724547 16.04918828388108 18.44796166958504
5.98036959571715 7.0734359745270465 7.992346986288908 1.2943703492876846 0.7243188324499578 0.684476968198308 3.892041846116952 3.346097039984798 3.0532318049461513 3.7222605970405955 3.7146172823206007 3.9100185864777885 3.7822988219463287
1.9026335798854421 3.882797771919841 4.9928410398138 1.5904621742311564 1.2639442642823882 1.2951269189729921 4.208956891452993 3.550120901235168 3.5281626998473135 2.5673508818565307 2.8989543124791326 3.272043552878035 2.9127829157378997
0.05057357224669667 0.024981384296576592 0.06848408462459038 2.2120294984600104 2.3818643579345156 2.690976406136004 0.3702880133164073 0.08616731948938054 0.0978115850711911 0.8776303613410382 0.8310043539068243 0.9524240252772618 0.8870195801750413
33.75697891956349 33.67260260755874 31.642904770301666 2.2799738167741843 2.9736542909040127 3.2516224909465894 35.88498808902047 23.415390836718146 21.688092248264628 23.973980275119377 20.020549245060298 18.860873169837628 20.951800896672438
16.44999294627564 18.26018423843681 17.69584028974368 0.6352760809490109 0.578326841540588 0.6042240763766553 0.7487715497939572 0.46738223029693365 0.4353527265294995 5.944680192339536 6.435297770091444 6.245139030883277 6.208372331104752
0.7502233079990855 1.7773005229208483 2.1209244806954546 0.3823154170389331 0.42537362075907564 0.40354676600230927 0.3146118815251609 0.2172317084486541 0.21505944233133745 0.4823835355210599 0.8066352840428593 0.9131768963430337 0.734065238635651
0.949236196982344 1.4118612584620165 1.6025358812296178 0.07266798563281571 0.061674517078901814 0.07833173152113541 0.1417843240053212 0.16387513736990175 0.1559795138521408 0.3878961688734936 0.54580363763694 0.612282375534298 0.5153273940149106
0.05032419221007747 0.1053063504031204 0.1742504736044612 2.047799711722701 2.3887067100430874 2.5205551720639936 1.00913366050089 0.56301813382208 0.5678839866040054 1.0357525214778895 1.0190103980894294 1.0875632107574866 1.0474420434416019
0.468803436369364 0.38839863389868884 0.4976584050045708 0.0030056249769140567 0.00203293278635131 0.002209267445879675 0.006925993524767393 0.0073814356892415575 0.007842051849801643 0.1595783516236818 0.13260433412476055 0.16923657476675072 0.15380642017173102
1.044211643951106 0.7031894185690587 0.6558707916967577 0.01982164693130532 0.04664052851065498 0.10271554651419151 1.158859925548521 0.6902927992699988 0.7406694104280559 0.7409644054769774 0.4800409154499041 0.49975191621300175 0.5735857457132943
0.0 0.001513317191283293 0.0022692889561270802 0.0 0.0 0.0 0.0 0.0 0.0 0.0 0.0005044390637610976 0.0007564296520423601 0.0004202895719344859
0.038923429883650607 0.06582878860743877 0.07836283922269847 0.0013396010424531748 0.003835035362604584 0.0062402587736429 0.040992487381861314 0.045748697245989484 0.043837915326018335 0.027085172769321698 0.03847084040534428 0.04281367110745324 0.03612322809403974
0.00145515624220452 0.012662566667794422 0.053669740132071 0.0275299031706854 0.05929905390945551 0.06766879640282425 0.0388924815500831 0.075341521101929 0.06973526302668047 0.022625846987657672 0.049101047226392976 0.06369126652052524 0.045139386911525296
1.1638814570420883 2.169397284534698 2.1108458010158575 0.9624812843564022 1.0591097600304489 1.1936838556647422 3.9112647659471165 2.7666719774355064 2.5887184162885704 2.0125425024485355 1.998393007333551 1.9644160243230566 1.9917838447017147
3.082848502849073 3.4878166809257314 3.8011303172939894 0.2936209009906933 0.2811559444657487 0.3308331100979068 0.0032579540650201693 0.008260208847998409 0.009592921608265506 1.1265757859682621 1.2590776114131594 1.3805187830000538 1.255390726793825
0.15331076226504176 0.1960632489633309 0.18834370858576305 0.016985748222274933 0.01805631624987463 0.021349653156583853 0.01777980327923605 0.013909227410845122 0.013144824359778687 0.06269210458885092 0.07600959754135023 0.0742793953673752 0.07099369916585879
0.015828367810216088 0.010818223448792387 0.014889408906209711 0.002426440539436044 0.0015210571347086227 0.0016635613521426668 0.0341009197222237 0.014890824143188132 0.015810926951790406 0.017451909357291944 0.009076701575563046 0.01078796573671426 0.012438858889856417
0.0 0.0 0.0 0.0 0.0 0.0 0.0 0.0 0.0 0.0 0.0 0.0 0.0
0.3065452002145182 0.46215193229817364 0.47218242241275 0.10805482347826853 0.1503472706136024 0.17790882082657644 0.02680522162402216 0.0362257510133411 0.030706771387328677 0.1471350817722696 0.2162416513083724 0.22693267154221838 0.19676980154095344
5.6310956610530896e-05 0.0001802856051778026 0.00022125598005746098 0.0 0.0 0.0 0.0 0.0 0.0 1.8770318870176965e-05 6.0095201725934195e-05 7.3751993352487e-05 5.087250464953272e-05
0.0 0.0 0.0 0.0 0.0 2.169668040789759e-05 0.0 0.0 0.0 0.0 0.0 7.23222680263253e-06 2.4107422675441765e-06
0.0 0.00039926535175277485 0.0005988502076014053 0.006573181419807186 0.001794043774668102 0.001794043774668102 0.0 0.0003634777551613841 0.000545177000799593 0.0021910604732690623 0.0008522622938607537 0.0009793569943563668 0.0013408932538287273
0.011801016702977488 0.025410476935105553 0.027987503254360845 0.004025764895330113 0.003148614609571788 0.004719949653870358 0.0 2.417031369844472e-05 2.417031369844472e-05 0.005275593866102535 0.009527753952791929 0.01091054107397655 0.008571296297623673
0.000812675327177067 0.0015821672174952536 0.002343237416815072 0.00013270607594768725 0.00013315756534707518 0.0001775402683521156 0.0023993422609599733 0.00225126392827741 0.002391817901707299 0.0011149078880282426 0.001322196237039913 0.0016375318622914956 0.0013582119957865504
0.00042547397801150484 0.00022973131646254614 0.0003445811424779213 0.0021228417775261818 0.001567538516660695 0.0020150456743686187 0.0009966777408637873 0.00032376429958989856 0.000377716863439166 0.0011816644988004912 0.0007070113775710466 0.0009124478934285687 0.0009337079232667021
0.0 0.0 0.0 0.0 0.0 0.0 0.0 0.0 0.0 0.0 0.0 0.0 0.0
0.0 0.0 0.0 0.0 0.0 0.0 0.0 0.0 0.0 0.0 0.0 0.0 0.0
0.0006741573033707865 0.00017815827105711993 0.00023753871881116622 0.0005918345048621481 0.0007230867125585699 0.0009037930386244994 0.0009792935588404592 0.00035231116121758736 0.00035231116121758736 0.0007484284556911313 0.00041785204827775904 0.0004978809728844177 0.0005547204922844358
0.0 0.0 0.0 0.0 0.0 0.0 0.0 0.0 0.0 0.0 0.0 0.0 0.0
0.0 0.0 0.0 0.0 0.0 0.0 0.0011338327513696043 0.0013998481765310979 0.0011968217141058615 0.00037794425045653476 0.0004666160588436993 0.0003989405713686205 0.0004145002935562849
0.0 0.0 0.0 0.0 0.0 0.0 0.0 0.0 0.0 0.0 0.0 0.0 0.0
0.0 0.0 0.0 0.0 0.0 0.0 0.0012254901960784314 0.00036095870632399656 0.00036095870632399656 0.0004084967320261438 0.00012031956877466552 0.00012031956877466552 0.00021637862319182492
0.0 6.303977809998108e-05 0.0001575934844549787 0.00857422831945125 0.006199628022318661 0.0068179000867732735 0.0 0.0 0.0 0.00285807610648375 0.0020875559334728806 0.0023251645237427508 0.0024235988545664605
0.0 0.0 0.0 0.0 0.0 0.0 0.0 0.0 0.0 0.0 0.0 0.0 0.0
