96.84048327288188 91.33705119508437 88.720196768956 57.954125528112414 51.39982499174709 48.51409865315037 86.59370172164603 74.49485299681957 70.68788878119084 80.46277017421345 72.41057639455035 69.3073947344324 74.06024710106539
96.84048327288188 91.33705119508437 88.720196768956 57.954125528112414 51.39982499174709 48.51409865315037 86.59370172164603 74.49485299681957 70.68788878119084 80.46277017421345 72.41057639455035 69.3073947344324 74.06024710106539
96.84048327288188 91.33705119508437 88.720196768956 57.954125528112414 51.39982499174709 48.51409865315037 86.59370172164603 74.49485299681957 70.68788878119084 80.46277017421345 72.41057639455035 69.3073947344324 74.06024710106539
96.84048327288188 91.33705119508437 88.720196768956 57.954125528112414 51.39982499174709 48.51409865315037 86.59370172164603 74.49485299681957 70.68788878119084 80.46277017421345 72.41057639455035 69.3073947344324 74.06024710106539
96.84048327288188 91.33705119508437 88.720196768956 57.954125528112414 51.39982499174709 48.51409865315037 86.59370172164603 74.49485299681957 70.68788878119084 80.46277017421345 72.41057639455035 69.3073947344324 74.06024710106539
96.84048327288188 91.33705119508437 88.720196768956 57.954125528112414 51.39982499174709 48.51409865315037 86.59370172164603 74.49485299681957 70.68788878119084 80.46277017421345 72.41057639455035 69.3073947344324 74.06024710106539
96.84048327288188 91.33705119508437 88.720196768956 57.954125528112414 51.39982499174709 48.51409865315037 86.59370172164603 74.49485299681957 70.68788878119084 80.46277017421345 72.41057639455035 69.3073947344324 74.06024710106539
96.84048327288188 91.33705119508437 88.720196768956 57.954125528112414 51.39982499174709 48.51409865315037 86.59370172164603 74.49485299681957 70.68788878119084 80.46277017421345 72.41057639455035 69.3073947344324 74.06024710106539
96.84048327288188 91.33705119508437 88.720196768956 57.954125528112414 51.39982499174709 48.51409865315037 86.59370172164603 74.49485299681957 70.68788878119084 80.46277017421345 72.41057639455035 69.3073947344324 74.06024710106539
96.84048327288188 91.33705119508437 88.720196768956 57.954125528112414 51.39982499174709 48.51409865315037 86.59370172164603 74.49485299681957 70.68788878119084 80.46277017421345 72.41057639455035 69.3073947344324 74.06024710106539
97.10576214539982 91.19274089674721 88.6327461999295 57.008973186716794 50.66527204991254 47.681477071938275 86.21991870036459 73.73577328555928 69.88642082467031 80.1115513441604 71.86459541073968 68.73354803217937 73.5698982623598
97.0300579882982 91.34956672369663 88.68398929357348 55.60153430697192 49.44732914106715 46.77153207234827 84.93838479486003 72.83316773030715 69.0250913768476 79.1899923633767 71.21002119835697 68.16020424758979 72.85340593644115
96.2204878634911 91.12861639194115 88.58817349842948 53.65006629000506 48.30535564784137 45.48919187336297 84.92268551822197 72.4210397407492 68.73218105801467 78.26441322390605 70.61833726017724 67.60318214326904 72.16197754245077
95.46247079820867 91.1614434378367 88.52698368830465 55.75893411510335 49.88326624096163 47.32552965051504 85.46659520178652 73.36386360497626 69.66601471781377 78.89600003836618 71.46952442792485 68.50617601887781 72.95723349505627
97.03412612126657 91.321112555907 88.74689958275198 53.4030193284791 47.690695849016116 44.93608477686372 86.24617826262252 74.71762573867643 70.90937461001316 78.89444123745606 71.24314471453319 68.1974529898763 72.77834631395518
95.49275259836016 91.26403093498003 88.50838941797741 56.04238405419256 50.02119663958653 47.28531395823099 85.70161884642089 74.14900815551995 70.3940177437956 79.07891849965786 71.81141191002884 68.72924037333466 73.20652359434047
97.15381330909443 91.33178504028308 88.82164041797705 55.908520035639285 49.52627508619819 46.66811812264405 86.61736932400622 73.61922774635818 69.78131488441826 79.8932342229133 71.49242929094648 68.42369114167978 73.26978488517986
95.2343088634233 91.06022511753078 88.60953585695009 57.4563188836963 51.612588878955535 48.543299105955626 83.67961822379009 70.93415354481908 67.27989125288569 78.79008199030324 71.20232251376846 68.14424207193048 72.71221552533406
95.30134153882803 90.89123411261797 88.59305341069354 55.433314163489264 49.33330970368842 46.46946675870553 85.6901549261465 74.37079736592909 70.68337772723837 78.80827020948793 71.5317803940785 68.58196596554582 72.97400552303742
95.37068810537157 90.86960757319169 88.46397666532202 56.38920237945295 50.53231832242386 47.931529982340194 85.92574707070547 73.57426111992585 69.7998960379444 79.22854585184332 71.65872900518046 68.7318008952022 73.20635858407533
95.51642446870841 90.94589330532355 88.51666679847486 52.82473380892009 47.53874934413016 45.148017639323655 82.89004092713232 70.1094758337909 66.36815000493516 77.07706640158693 69.5313728277482 66.67761148091122 71.09535023674877
94.95075887609306 89.82525336518223 87.33906726130274 53.46322161684005 47.25181838696451 44.72961469420604 84.20145891615057 70.83433528133074 67.2719625982773 77.5384798030279 69.3038023444925 66.4468815179287 71.09638788848302
96.71783527236967 90.562450567525 87.98850372519908 14.157025128700457 12.923757912600637 12.290008626289865 80.44536857065656 63.30142118785721 60.04537771709485 63.77340965724223 55.59587655599429 53.44129668952794 57.60352763425481
95.16289949800723 90.49680139367261 87.9267085205557 52.540217786085506 47.372502279254576 45.04710525642122 72.3377972630725 61.17864446604091 57.614029342316165 73.34697151572175 66.3493160463227 63.52928103976436 67.74185620060294
96.30889404256673 88.41339016265447 87.71591616642237 51.793234141045396 46.28168926392753 43.44938426074377 81.71930345403085 68.06083018793333 64.57777421723966 76.60714387921433 67.58530320483844 65.24769154813526 69.81337954406268
96.74549102968729 90.94886730831739 88.232819527441 55.104469862476115 48.53883745167066 45.673522096471295 85.13495451652098 69.37263016091192 66.00385363640353 78.9949718028948 69.62011164029998 66.63673175343861 71.75060506554446
96.59825520021866 90.63470115308711 88.35534064792101 54.29247869090163 48.195645217615514 45.23572385613052 83.65293817544438 67.86048286415736 64.55155094268801 78.18122402218823 68.89694307828665 66.04753848224651 71.04190186090713
96.76695734893906 90.54158179260028 87.55652998604374 48.5058508157726 43.573650811291074 41.072455596476956 87.13530120120245 72.24828139005145 68.99397358889536 77.46936978863803 68.78783799798093 65.87431972380536 70.71050917014145
95.10163365455642 90.71213541040277 88.49390751750515 56.091849418055915 50.13210708547785 46.95735385768417 81.74816220822935 68.07486550393544 63.91083544517685 77.6472150936139 69.63970266660534 66.45403227345538 71.24698334455822
94.98029468848493 88.65812907791681 87.7987585220717 48.5193153381586 43.360986609724044 41.18129725021615 82.6572724419638 66.3735797152766 63.050510407454716 75.38562748953576 66.13089846763916 64.01018872658085 68.50890489458526
95.40730942162152 87.3844559433125 83.5501878526594 41.478536031644545 35.9030342817367 33.46289241341127 76.59569575698029 60.15129068294777 57.13459277285698 71.16051373674878 61.14626030266566 58.04922434630922 63.45199946190789
94.1789246999237 87.17597771224959 82.82403673583497 41.378900277518376 36.14816369284421 33.28448683096004 72.77237325638637 59.75677413697611 56.40647315966986 69.44339941127615 61.026971847356634 57.50499890882162 62.65845672248479
94.26956840424457 88.31289712920126 86.89365241100631 31.2523429962262 29.687425043998918 28.982231204281582 72.75927606767284 57.81437239457814 54.923715884576495 66.09372915604787 58.60489818925944 56.933199833288135 60.54394239286515
93.36484823333812 87.01468313462463 86.65768619053426 48.702076907883004 43.89904733836058 41.70856781991998 80.89324711237909 61.414789288002666 58.40122168800508 74.32005741786674 64.10950658699596 62.255825232819774 66.89512974589417
95.01103693745554 87.13773174954109 84.83405179646917 38.33442731241538 34.60392350025012 32.64123946474348 56.234066593651676 47.10820562826679 44.08438283780411 63.19317694784087 56.283286959352665 53.853224699672246 57.77656286895527
96.34709617979021 87.98614766305862 86.37816123425598 44.32589931119006 39.08428386040423 36.519284203075266 64.13634167985555 48.89335981080622 46.484400222652134 68.26977905694527 58.654597111423016 56.46061521999446 61.12833046278758
94.58453857318814 87.74627918434406 85.52088752147681 37.63438662891356 32.65391499936026 29.60918173672716 75.15767682795966 59.5392534553269 56.23473137738375 69.12553401002044 59.97981587967707 57.12160021186258 62.07565003385337
94.41578066648874 87.73241563922018 84.39549573686918 50.10957972406064 44.809525728260446 41.86871049665971 74.41324845175282 61.09612817992986 58.12284223973712 72.9795362807674 64.54602318247017 61.462349491088666 66.32930298477541
95.36948920856587 90.54230144739253 88.6198327702407 30.269195758301997 27.36707261332889 27.129986004434247 75.1918077294085 62.4779863979114 59.67033485802203 66.94349756542545 60.12912015287761 58.473384544232324 61.84866742084513
95.41121048858308 89.2665617390407 87.46041465812256 42.92752756107895 38.04439192685352 35.39740619049619 85.41725629264013 70.64872319399569 67.29633229055987 74.58533144743406 65.98655895329664 63.38471771305954 67.98553603793007
96.27046172204544 89.1698938753365 86.90613184108018 44.10674358703929 39.7076005877615 37.62442571626583 79.09103723475953 70.02205165230572 66.87250844778076 73.15608084794809 66.29984870513458 63.80102200170893 67.75231718493053
93.3169870591285 86.12825475079177 83.9718659303945 33.27604132148957 29.963624816917584 28.18059893991125 56.057964576857685 43.156374830683 40.48537649629161 60.883664319158584 53.08275146613079 50.879280455532445 54.94856541360727
92.3615889762838 81.4693441561506 78.00939203099941 37.5591839331693 32.942757507961616 30.530137302254452 68.67132692513718 53.2540383201358 50.12407388234339 66.19736661153009 55.88871332808267 52.887867738532414 58.324649226048386
93.40326435476888 83.9466930416938 81.10599300533102 40.849199173110726 35.31739832315148 32.57811449783368 58.45839727158635 48.757995485832254 46.01504068345048 64.23695359982197 56.00736228355918 53.23304939553839 57.8257884263065
92.09082928073003 84.10239712670113 81.90997029632945 47.77246471736241 42.06104972473626 39.215834713485606 82.17830422101876 66.78532673091289 63.22136584657654 74.01386607303708 64.31625786078342 61.449056952130526 66.593060295317
95.45609100832066 87.02580397723332 84.51691041103878 30.04754105228477 26.529894716811924 24.865460330798207 75.35783498556515 57.03186074660023 53.987692726504186 66.95382234872352 56.86251981354849 54.45668782278039 59.4243433283508
94.64381597951031 86.97258030637158 84.8767163489577 45.89601416487958 40.892082967209944 38.81386707384398 77.19477439287424 58.5826958376168 55.2202271086834 72.57820151242139 62.14911970373277 59.63693684382836 64.78808601999417
94.88363453598177 87.6198464674079 86.70974238845388 30.64304852002501 27.543054519597366 26.27792608989411 71.19015686684578 55.687725771134765 52.80148384024672 65.57227997428419 56.95020891938001 55.263050772864894 59.261846555509706
94.5347249219749 86.9281036484254 84.46835611842252 14.301622997625396 13.100510868374304 12.235786738870631 70.15492032710857 49.01375021666542 46.720304740712834 59.66375608223629 49.680788244488376 47.80814919933533 52.384231175353335
91.61927901156481 79.59872289076482 78.16027992448952 26.21731552945209 23.64159610059261 22.636558027385696 70.4555109494972 54.232204294264044 51.51737689880853 62.7640351635047 52.49084109520715 50.77140495022791 55.34209373631327
89.25672078032318 79.52822393251218 76.88872965853292 44.33878485312653 40.486863629691975 38.92282944017105 78.2799912825702 62.922188090672094 60.14579662821943 70.6251656386733 60.979091884292075 58.65245190897448 63.418903143979946
90.4453581627452 79.63572343861689 78.8544172009908 15.133162142088604 15.629551710077877 15.428094752544075 66.7518841990003 48.35883675258955 45.60676915699734 57.4434681679447 47.874703967094774 46.6297603701774 50.64931083507229
93.25812650979796 85.3386006265689 83.22166203340566 41.9723000094672 37.473468502905185 35.18571192494068 71.77020906060088 54.91270490946001 51.63971246277281 69.00021185995534 59.24159134631137 56.68236214037305 61.641388448879916
92.54935861550318 81.87075481392485 81.01482305751986 21.104854952364814 19.181226391522063 17.987632693190836 14.93276905361445 15.52674423840687 15.004952807750046 42.86232754049414 38.85957514795126 38.002469519486915 39.90812406931078
83.9777228898091 78.03173118959002 77.65998613337347 34.92574658815469 32.2165175523029 30.70438000890059 41.327126745251 41.44135323515582 38.825117129061724 53.4101987410716 50.563200659016246 49.063161090445256 51.012186830177704
93.37505826280838 85.28189381248423 83.33130338166745 16.591510224268585 14.936627180446227 13.168924711749524 63.97890035977052 41.65351500257852 39.81032480936023 57.981822948949166 47.29067866516966 45.4368509675924 50.23645086057041
95.79691191088592 85.89363624425832 82.02034166059036 12.779962992967619 12.511425058216458 12.285265117715346 70.9930589465226 57.15525089616737 53.68384722415611 59.85664461679204 51.85343739954738 49.3298180008206 53.679966672386676
87.6939919187284 76.35389444723094 71.6442616728002 8.392047748970619 8.572221407978576 10.157822569805338 0.15064197061745221 0.6801145409185805 0.7056813053485188 32.07889387943883 28.5354101320427 27.502588515984684 29.3722975091554
84.62734695143664 77.2208624821723 76.96699547170216 7.106319719501725 6.659987478274754 6.04060584479504 56.89370507456425 41.758143449933876 39.5368328601255 49.542457248500874 41.879664470126976 40.8481447255409 44.09008881472292
92.49221265702585 79.83530777464773 77.3274314479625 34.48857664598305 31.088121813252833 30.58249516315919 80.22748754215554 59.1957058190143 56.44137234319806 69.06942561505481 56.70637846897162 54.783766318106586 60.18652346737767
72.26893592511352 57.457539624331886 58.229673599897204 32.32520054135049 28.078663904937674 26.50219330008384 51.235931197209894 32.38170896107824 30.499531341570542 51.9433558878913 39.30597083011593 38.410466080517196 43.21993093284148
71.12360403972063 51.64309926612896 51.05758828924009 8.236971313165489 7.371086912288854 6.721249382486628 13.412941851444248 8.395469785498861 8.467371853453724 30.924505734776787 22.469885321305554 22.08206984172681 25.15882029926972
69.62252090116186 62.14338621946427 61.99457726239369 28.77562375229982 27.278425908782516 26.764842634437038 0.0007142565609566956 0.0003594536304816679 0.0003594536304816679 32.799619636674215 29.807390527292423 29.586593116820406 30.731201093595683
85.54958577859209 76.13468486341327 72.86727277524936 16.742460956801562 15.479693350446846 15.335836308312459 36.778373977915145 24.030873985063575 22.44741121617166 46.35680690443627 38.54841739964123 36.88350676657783 40.596243690218444
69.01846424125907 53.16953185551282 54.51106472569342 10.570399898647112 9.760325286425278 9.952848572810055 64.52729606547834 41.062076606134504 38.929396027801374 48.03872006846151 34.6639779160242 34.46443644210162 39.05571147552911
91.77088963798988 80.46915787360112 76.95252690125565 16.026670247620416 17.310192019052316 18.34565280306938 8.474454083595205 6.481374828535684 6.076372609380969 38.75733798973517 34.75357490706304 33.791517437902 35.76747677823341
74.60687386648218 60.65124567236536 57.89164256622844 10.040304902886968 8.683167018238889 8.577960811983393 59.25539428097518 37.123071643333475 35.0917735598116 47.96752435011478 35.48582811131258 33.85379231267448 39.102381591367276
71.16721136589514 60.92830291377419 58.5790605495762 5.171913196803812 5.022641789783803 5.483793375667732 55.01767959381398 40.778500242147054 38.59061237077463 43.785601385504314 35.57648164856835 34.217822098672855 37.85996837758184
79.27827178059559 67.76427992124692 67.15773150866438 0.09743769175542437 0.09463034494562081 0.0918800164762037 38.146627127504665 26.88798846576801 25.559728454142867 39.1741121999519 31.582299577320185 30.936446659761156 33.89761947901108
80.086795414877 70.9493342920869 68.9654418118585 16.55149323543024 14.499403380256298 14.556266704977947 48.66044960591498 37.55786928323734 35.35348196448733 48.43291275207408 41.00220231852685 39.62506349377459 43.020059521458506
35.99983998419227 36.94250816335697 39.40117021365664 10.860280548965491 9.590725237041733 8.866860811255743 0.013573380437724271 0.08796404760145007 0.08841687059546503 15.624564637865163 15.540399149333384 16.118815965169283 15.761259917455947
16.342713749871614 12.76521966599797 19.661749130323443 3.126712614613722 3.258315523987082 3.829806403985951 44.665930402230444 28.340697673952615 26.854393121521763 21.378452255571926 14.788077621312555 16.781982885277053 17.64950425405384
45.33297196486625 32.7139790875946 31.16222353623549 15.450095580510483 15.95823391368921 16.60863357773795 17.092873375247372 10.574018624219805 10.41172320023895 25.958646973541374 19.74874387516787 19.394193438070797 21.70052809559335
59.94102637203428 49.34453578152366 48.26176215707435 2.3771910809802077 2.565906379488105 2.5966366376012546 22.994134316726313 15.402274698998236 14.699749631666137 28.4374505899136 22.43757228667 21.852716142113916 24.24257967289917
55.73067131984498 54.20854323778861 55.501240798177335 7.63642098510642 6.638545779890162 6.761567960613002 42.58743369611334 30.126975521410426 28.478656380487642 35.318175333688245 30.3246881796964 30.24715504642599 31.963339519936874
24.67884703835192 22.827136675549735 26.304709476383458 5.9635417101369494 4.899179911916881 4.229930194143574 5.480875261567823 4.132399986321816 3.947072413106244 12.04108800335223 10.61957219126281 11.49390402787776 11.384854740830933
39.571405569186766 41.75115939895173 43.31159328724451 17.517148599933837 14.992941867488932 14.341121027955053 23.543089303473508 16.572946265321825 15.273153437191219 26.877214490864702 24.439015843920828 24.308622584130262 25.20828430630526
61.6981786091827 51.71383952615265 47.61954047653894 16.842344576437153 17.04428560583258 17.460331959999262 54.39510949432095 37.49742348097688 35.377375213552654 44.31187755998027 35.4185162043207 33.48574921669695 37.73871432699931
53.21975750219357 49.486666708327796 50.914399293890476 0.7561864857626794 0.6837409499199987 0.752426926815668 1.4459614100693443 1.6014340861413512 1.5803124541336508 18.473968466008532 17.25728058146305 17.749046224946596 17.826765090806063
48.59263107008892 47.37948574082826 47.873747477362805 2.3760739526870456 2.324740775285092 2.5496849054561186 13.044341181798384 18.691202709845314 17.762084598171658 21.33768206819145 22.79847640865289 22.728505660330196 22.288221379058182
27.75323971323066 26.665501120423414 27.991340832741006 0.16757534198759635 0.1525381115542419 0.13821640582475359 19.608189030729243 14.347422490790892 13.950034592027267 15.8430013619825 13.721820574256183 14.026530610197675 14.530450848812118
47.06235220924123 36.96826265416504 38.063378994885355 12.824493094422666 12.156730266927829 11.988363056157688 24.834565680470945 15.371685263876353 14.4491202918899 28.24047032804495 21.498892728323074 21.500287447644315 23.74655016800411
57.145031698900596 45.071130376717385 45.68705799485524 2.5789799657660306 2.523918649871008 2.7200963185604823 24.656975381036773 14.103934406513963 13.242524111330646 28.126995681901132 20.566327811034117 20.54989280824879 23.081072100394678
18.722466089276253 14.559697428712298 17.52759147706094 1.4345301417652283 2.0143770252291273 2.8285169224676117 15.23085297115337 9.925552261464507 9.68255651184017 11.79594973406495 8.83320890513531 10.012888303789573 10.21401564766328
44.17030830676295 36.560287613435975 36.90448210395401 2.9097810001944704 3.099677029448978 3.990972624707951 12.045102846666708 9.176142135937427 9.426435493068432 19.708397384541374 16.27870225960746 16.773963407243464 17.587021017130766
42.86944528142676 40.92649343945441 40.406339665039 0.12700066677811206 0.1627128900325435 0.18199320573048164 37.501793980871746 23.88446450874905 22.582139846919908 26.83274664302554 21.657890279412 21.056824239229794 23.18248705388912
40.5254717291976 39.31127072513672 39.242294616881445 1.5955970266678263 1.6137548462111768 1.8645393048397538 21.63910072737403 14.948261353462039 14.99878795348121 21.253389827746485 18.624428974936645 18.701873958400803 19.526564253694644
22.054788307158976 18.471810873558915 18.419943078871967 1.731075749179362 1.2517408341381815 1.180102004606126 6.883108301579261e-05 0.00011863218911066011 0.00011863218911066011 7.928644295807118 6.574556779962069 6.533387905222401 7.012196326997197
18.577767598645963 19.40554414046274 20.19446439229545 2.1465369119347 1.8313915709230824 2.0798652832725457 2.535183611055698 3.2677325329712446 3.2326701224204566 7.75316270721212 8.168222748119023 8.502333265996151 8.141239573775763
32.673766711614626 33.95344768186702 35.928034123796415 2.883790314066101 2.243978725256904 2.1949340544502394 37.200075109968836 27.447739320268326 25.9732539270966 24.252544045216524 21.215055242464082 21.36540736844775 22.27766888537612
0.0024513809445987906 0.02475465118309347 0.05093070152543028 0.00690324121215286 0.005152919683358933 0.0063576851332745364 0.0006549646319098769 0.00197363793718217 0.004184168075423958 0.003336528929553842 0.010627069601211526 0.020490851578042927 0.011484816702936098
26.72962107931155 23.23778060231005 24.587417771737808 0.11411089250979253 0.1401365304553441 0.16253302776203232 28.59233147988708 18.79762896083287 18.075507908627262 18.47868781723614 14.058515364532754 14.275152902709033 15.604118694825978
1.8641887361282465 2.7167842576353 3.3212208113306705 0.8890638198802431 0.8734273291880146 0.948872401957291 8.543938433421989 6.298120830699003 5.917633121869286 3.7657303298101596 3.2961108058407724 3.395908778385749 3.485916638012227
5.883228483799037 5.203142586714931 6.41575081290452 0.010245901639344262 0.008657175836860332 0.009615384615384616 0.12686587055738874 0.0735587515153139 0.07133787464605905 2.0067800853319233 1.7617861713557017 2.1655680240553212 1.9780447602476485
32.534353470017784 24.28700661603078 27.58200250430074 0.0017643700552028134 0.0018964619810745683 0.0020661985785638973 31.707405852933153 16.94327148097133 15.820652041599123 21.414507897668713 13.74405818632773 14.468240248159475 16.542268777385306
0.10910342537905761 0.18618072951091139 0.47750909488951543 0.7402415521535377 0.48700349106619845 0.4460220271611566 4.455194605992509 3.017671288237451 2.6917425979884846 1.768179861175035 1.2302851696048536 1.2050912400130522 1.401185423597647
5.9337646345067645 10.721717037955953 13.958616175081929 1.8990762595175334 1.43284773096282 1.5608938735682207 6.795862576671022 4.89975620005961 4.675472213466138 4.876234490231774 5.684773656326127 6.731660754038763 5.764222966865554
1.1692662403850833 0.5677954296623696 0.9960505686111343 3.708199465955353 3.7631009020864172 4.327187443086038 0.008101810743221386 0.022794696131649556 0.02564179241029664 1.6285225056945525 1.451230342626812 1.7829599347024898 1.6209042610079514
16.42525071488014 20.73304345286801 21.64705639821817 1.6017636653925076 2.069625382254946 2.2607437985060477 19.993937700017376 13.600946039094392 12.48716705401389 12.673650693430007 12.134538291405784 12.131655750246034 12.313281578360609
32.21694062581574 29.458212658941207 28.707206667047792 1.1106426023363234 0.928964959202259 0.8640236645975238 2.927411022973106 1.8354898199048102 1.7137379504415413 12.08499808370839 10.740889146016093 10.42832276069562 11.084736663473368
0.01807535378749886 0.15935810518458224 0.3704531165837118 0.02462240096099455 0.027493162190471165 0.034699814003792136 0.6682213888002608 0.5287777541645827 0.5536736414146339 0.23697304784958476 0.23854300717987872 0.3196088573340459 0.26504163745450315
3.3991875502321536 4.248759004825349 5.222761302414295 0.24688673814052117 0.1784005958714218 0.2021822037606651 0.03745118848109617 0.11610069612778956 0.09991153106753453 1.2278418256179235 1.51442009894152 1.841618345747498 1.527960090102314
0.30789142978471945 0.6282052273339037 1.2410456875247788 0.0016455647190924225 0.001708914839077186 0.0014472555746140653 0.4743054537056525 0.3983941791506373 0.4269163542611726 0.26128081606982145 0.34276944044120605 0.5564697657868551 0.3868400074326276
0.03988966810990373 0.06635226190547548 0.1839104408160499 0.014621251511828717 0.014653034098478923 0.017624262715226345 0.013872266347513871 0.02015472312703583 0.022551808208045507 0.022794395323082108 0.03372000637699674 0.07469550391310725 0.04373663520439537
1.587609876555853 0.9323585138957171 1.1484404383886162 0.014414041945425844 0.02872498980935841 0.06430944656707267 0.07194993161826868 0.09224310046627555 0.11657031676540429 0.5579912833731826 0.35110886805711705 0.443106733907031 0.45073562844577697
0.007260406582768636 0.00820269777615749 0.015598411798071471 0.0 0.0007209285559801024 0.0007209285559801024 0.0 0.0012648621300278269 0.0018968133535660092 0.0024201355275895453 0.0033961628207218072 0.006072051235872528 0.0039627831947279596
0.45398320452854746 1.1111263791272408 1.3922888831558278 0.0 0.0 0.0 0.1353606717220706 0.1452327961799596 0.16055733521068105 0.19644795875020601 0.4187863917690668 0.5176154061221696 0.3776165855471475
0.03564749418138601 0.10213144382490127 0.36190811252168864 0.012082158679017317 0.041232759970554936 0.07432460212168342 0.04734610070590547 0.13354741575695703 0.1354416749888297 0.031691917855436263 0.09230387318413776 0.1905581298774006 0.10485130697232486
5.268363450077479 6.553742713560713 6.903898949626311 0.013400530400133615 0.0194024844009993 0.02808990327520358 2.306834088276146 1.8554603560587493 1.8737282391258678 2.5295326895845864 2.8095351846734875 2.935239030675794 2.7581023016446227
5.431011089941686 6.264128267930961 7.585101729701211 0.22159057597608 0.26741865500193385 0.34276976564881656 0.03911076382511607 0.03520116254598616 0.059181375602542656 1.8972374765809608 2.1889160284929603 2.66235095698419 2.249501487352704
0.17617175775322436 0.28568319133646836 0.31014946676990124 0.007509981683711526 0.0075912853083838945 0.012774555454135809 0.02738377619112951 0.004350575102141796 0.01786703795106615 0.07035517187602179 0.09920835058233135 0.11359702005836773 0.09438684750557363
0.05032618552306507 0.041880612360233584 0.08913750763306477 0.027519526115715662 0.02274883453002474 0.026422498067288077 0.007383280851856826 0.02302560489590039 0.024793660827958624 0.028409664163545855 0.029218350595386234 0.04678455550943716 0.03480419008945642
0.0 0.0 0.0 0.0 0.0 0.0 0.0 0.0 0.0008241305422778968 0.0 0.0 0.0002747101807592989 9.157006025309965e-05
1.369332158881584 2.039873927833203 2.197365338047843 0.011933015958530977 0.012275237169723148 0.01567529491163717 0.1207215857983776 0.09114981838476632 0.09216526108590507 0.5006622535461642 0.7144329944625643 0.7684019646817951 0.6611657375635079
6.907950925916623e-05 0.0003844629409433214 0.0005429699265999779 0.0009064539521392314 0.0008589220528237062 0.0012076905735725096 0.0007076640011322624 0.0011165075643387483 0.0011165075643387483 0.0005610658208435533 0.0007866308527019252 0.0009557226881704118 0.0007678064539052969
0.0005506434662219565 0.0007970667941973537 0.0012750629562334641 0.00650306530851133 0.010043317222659909 0.011801826005374667 0.0 0.0015435274747890512 0.0015435274747890512 0.002351236258244429 0.004127970497215438 0.004873472145465727 0.003784226300308532
0.0 0.0001978035889483179 0.0004153513872736336 0.0 0.0023286140089418777 0.0032588454376163874 0.0 0.0 0.0 0.0 0.0008421391992967319 0.0012247322749633404 0.0006889571580866908
0.009060315816722753 0.015590844798765591 0.02148675517927009 0.008143322475570033 0.0064061499039077515 0.008002560819462228 0.009313948968157824 0.021073804451048343 0.022159422098108682 0.008839195753483537 0.014356933051240561 0.017216246032280336 0.01347079161233481
0.024556142405589492 0.041707080179331314 0.09408554018196025 0.016656025590339043 0.024996339546534678 0.03646037992397118 0.02472144899844827 0.02670738440537898 0.028827800135771433 0.021977872331458936 0.031136934710414992 0.05312457341390095 0.03541312681859162
0.00040931676134341324 0.000984280673102161 0.001747632201094212 0.0 0.0 0.0006976419701409237 0.006441702844387931 0.006607942361655215 0.009558704771102182 0.002283673201910448 0.002530741011585792 0.0040013263141124395 0.00293858017586956
0.0 0.0010540184453227933 0.0013473457289140394 0.0 0.0 0.0 0.0005242738806752647 0.0008109773899503682 0.0001947215481860939 0.00017475796022508824 0.0006216652784243871 0.0005140224257000444 0.00043681522144984
0.0 0.0 0.0 0.0 0.0023241400681747754 0.0023241400681747754 0.0 0.0 0.0 0.0 0.0007747133560582585 0.0007747133560582585 0.0005164755707055056
0.0008043026695854695 0.0016332630806473987 0.002571521848991293 0.002708192281651997 0.0013102901452742201 0.001612469766191884 0.003656046705508382 0.003464898675887817 0.0036858699623016533 0.0023895138855819496 0.0021361506339364787 0.0026232871924949434 0.002382983904004457
5.9538930522037345e-05 0.0003093293739173472 0.000378058839703052 0.0 0.0 0.0 0.0 0.0 0.0 1.9846310174012447e-05 0.00010310979130578239 0.00012601961323435067 8.299190490471517e-05
0.0 0.0005992440306075412 0.0008757213178223115 0.0007326454606508334 0.0017382190504344963 0.0020536287015316367 0.0011884747517010997 0.001721804479121307 0.0019117542670632596 0.000640373404117311 0.001353089186721115 0.0016137014288057359 0.001202388006548054
0.0 0.0007707183094644209 0.0009107978589244179 0.00026074561657646805 0.0003120921523009703 0.00042556088925203416 0.0 0.00011310042186457357 0.00011310042186457357 8.691520552548935e-05 0.00039863696120998824 0.00048315305668034184 0.0003229017411386065
0.0 0.0 0.0 0.00017892928714572 0.00024223867291965425 0.00033912099837221925 0.0 0.00028111998200832115 0.00028111998200832115 5.964309571524e-05 0.00017445288497599178 0.00020674699346018014 0.00014694765805047064
0.0 7.957728545963839e-05 0.00016754736435107618 0.0 0.0 0.0 0.0 0.0006650262685376072 0.0006650262685376072 0.0 0.00024820118466574854 0.0002775245442962278 0.0001752419096539921
0.0 0.0 0.0 0.0 0.0 0.0 0.0 0.0 0.0 0.0 0.0 0.0 0.0
