results
----------------0.3-0.3----------------
----------------0.3-0.3----------------
----------------0.3-0.3----------------
----------------0.3-0.3----------------
63.971448034099424 51.18321683244116 48.66408689806849 30.884690666853132 25.46011832431161 22.017340078376975 63.012186592202 41.21937516088665 38.814052225693914 52.62277509771818 39.28757010587981 36.49849306737979 42.80294609032593
78.08937061829997 61.74335330037734 57.963213691559254 31.426548776698326 26.063930480567976 22.80339262433206 49.79907727999855 33.82800307197745 31.87449530203444 53.104998891665616 40.54509561764092 37.54703387264192 43.73237612731615
----------------Noise-0.2-evaluate----------------
----------------Noise-0.2-evaluate----------------
----------------Noise-0.2-evaluate----------------
81.57328795449044 66.47217576995125 61.83807476793051 16.323814996962067 14.369683709843134 12.733304958557085 64.98048505605378 45.15073923697699 42.60411895478331 54.29252933583543 41.997532905590454 39.058499560423634 45.11618726728317
----------------Noise-0.2-evaluate----------------
85.131124554209 70.78145164349563 67.1607774543589 41.92368546413359 35.841584366881506 32.14490859589744 69.99871979826456 50.59089729576054 47.477186033331854 65.68450993886904 52.404644435379225 48.92762402786273 55.67225946737034
85.131124554209 70.78145164349563 67.1607774543589 41.92368546413359 35.841584366881506 32.14490859589744 69.99871979826456 50.59089729576054 47.477186033331854 65.68450993886904 52.404644435379225 48.92762402786273 55.67225946737034
85.131124554209 70.78145164349563 67.1607774543589 41.92368546413359 35.841584366881506 32.14490859589744 69.99871979826456 50.59089729576054 47.477186033331854 65.68450993886904 52.404644435379225 48.92762402786273 55.67225946737034
85.131124554209 70.78145164349563 67.1607774543589 41.92368546413359 35.841584366881506 32.14490859589744 69.99871979826456 50.59089729576054 47.477186033331854 65.68450993886904 52.404644435379225 48.92762402786273 55.67225946737034
85.131124554209 70.78145164349563 67.1607774543589 41.92368546413359 35.841584366881506 32.14490859589744 69.99871979826456 50.59089729576054 47.477186033331854 65.68450993886904 52.404644435379225 48.92762402786273 55.67225946737034
83.63172809135007 69.86967840536353 65.1552444204195 41.519515748255344 34.976719372050816 31.495421220697494 75.07357464332591 52.013300243199076 48.829831138650285 66.7416061609771 52.28656600687114 48.4934989265891 55.84055703147911
83.20607031017164 69.74103751074033 65.30083005144982 37.2944443862024 31.787210274372708 28.747086701015263 65.51132205994283 46.35742822656953 43.48968376863307 62.00394558543896 49.29522533722752 45.84586684036606 52.381679254344185
84.3032831640541 70.0872714527081 65.07778457890889 41.082520108153375 35.43891280251533 32.53901021660855 60.76856670135402 42.34615170745279 40.03173220445792 62.05145665785383 49.29077865422541 45.88284233332512 52.40835921513479
83.79874131180418 69.74673279431688 64.97810326150704 39.94006352821503 33.475980550211354 29.739773042251315 73.65928949352615 51.60295237400303 48.04231104422523 65.79936477784845 51.60855523951042 47.58672911599453 54.99821637778447
84.33695196676126 70.05786956229237 66.12085703959976 41.039349306414294 35.385552154632805 32.12513806113563 74.1168350369504 51.081228324880016 48.03815284656778 66.49771210337532 52.1748833472684 48.76138264910105 55.81132603324826
80.21169032338862 66.2349800838548 61.52017385482651 37.768416166516246 32.455799416380636 29.59572652464167 70.68759754777784 48.27926342886323 45.57437897670978 62.88923467922757 48.99001430969955 45.56342645205931 52.480891813662154
56.99006326048017 48.370531064309276 44.11116816056763 10.059181347402198 8.888621223301348 7.967747632915735 58.60873362203972 39.14654021847333 36.64727117486047 41.88599274330736 32.13523083536132 29.57539565611461 34.53220641159443
70.3438036368368 57.80060877409592 53.49369107506203 35.952050115812206 30.18043573061555 27.22037262523384 57.067900481079306 39.946080650784566 37.66637004077543 54.4545847445761 42.64237505183201 39.4601445803571 45.51903479225507
78.00330244491168 64.21763716115294 60.641359574467934 0.0 0.0035385704175513095 0.0035385704175513095 59.12286457679945 38.91578968700079 36.56325846988197 45.708722340570375 34.37898847285709 32.40271887158915 37.49680989500555
71.06150338554957 53.953169380290966 49.40234263268292 17.249982954822716 14.270444822839352 12.538595731330652 55.080845457195714 36.7116936804452 34.666579275578755 47.79744393252267 34.97843596119184 32.202505879864106 38.32612859119287
54.710710927485785 46.354898820655926 43.192873730119 12.640128438881042 10.98056462270689 10.145015476533636 0.21354607696101843 0.23801871236770875 0.23698637709505765 22.521461814442617 19.191160718576842 17.85829186124923 19.856971464756228
45.13433818541843 36.01766436987829 33.77200687368717 6.215852049058461 5.954762894052891 5.378023112262426 53.79650722652216 34.28092288216463 32.06086157206446 35.04889915366635 25.41778338203194 23.73696385267135 28.067882129456542
10.592434555816684 13.325206762018937 15.531680661615221 26.36866502208009 22.635690447844585 20.29520516240254 47.11577985717626 30.8178567396704 29.160341935139826 28.02562647835768 22.25958464984464 21.662409253052527 23.98254012708495
68.24852994745589 53.006058473366714 49.21516581167101 0.009615384615384616 0.012135922330097087 0.012135922330097087 0.6044224940027307 0.6299132356724897 0.6607506096456219 22.954189275358004 17.882702543789765 16.629350781215575 19.155414200121115
53.65275059959114 44.48002332294951 40.6251804296922 6.849729490988583 5.647449624421574 5.059154239578509 33.55189042594477 20.100907512536832 19.49533550412024 31.3514568388415 23.409460153302643 21.72655672446365 25.495824572202594
0.0537505973307261 0.10390019216433077 0.12225901312620066 7.878750066597405 7.6136571072869845 7.117267796616117 32.625997343080435 20.48535008952973 19.082437540815203 13.519499335669522 9.400969129660348 8.773988116852507 10.56481886072746
0.3737884465654818 1.0016030684157244 1.8860966505525818 0.0017259233690024162 0.0013609145345672294 0.0013609145345672294 0.0 0.0 0.0 0.12517145664482807 0.3343213276500972 0.6291525216957163 0.3628817686635472
2.229045285108334 3.7068019798813836 4.480295098912874 2.200032650537326 1.9053123431942285 1.626077539513297 1.3742716445743128 0.7074202038324963 0.6706966988891936 1.9344498600733242 2.1065115089693696 2.2590231124384546 2.099994827160383
9.363525653262474 12.23834860107125 13.331527757848988 0.0 0.0 0.0 0.0011375701501592597 0.0022877657327889625 0.002463574294361934 3.1215544078042115 4.080212122268013 4.444663777381117 3.88214343581778
3.110153326789527 4.2610217442114555 4.860994154865337 0.0325418317660774 0.04035995125539062 0.027888795278941524 1.6338325189999576 1.0438827568823477 1.055649859932814 1.5921758925185205 1.7817548174497313 1.981510936692364 1.7851472155535388
0.04175302245250431 0.1282862687949372 0.1814297864291049 6.582661718386981 5.689732707034514 5.119730880081195 4.031937440143445 2.442475139832249 2.3944874165495746 3.552117393660977 2.7534980385539 2.5652160276866245 2.956943819967167
0.008691621277088887 0.0030941945629541184 0.005201948059251595 0.9567399815709161 1.1044807172334585 1.2138148281346044 1.466409132437003 1.0300299695891222 0.9377333496676526 0.810613578428336 0.712534960461845 0.7189167086205028 0.7473550825035614
0.166152832100163 0.3255734489383525 0.32316303606678676 0.0014402580942504898 0.0014915832090347328 0.00031584599349357255 1.9604296070791272 1.0139132885042395 0.9961184993527298 0.7093408990911803 0.4469927735505423 0.43986579380433666 0.5320664888153531
0.3317951403787034 0.4648783223118544 0.4553357544651898 0.8270664972259515 0.9667516399692864 0.962428637814455 0.0 0.0001657568457577298 0.0001657568457577298 0.3862872125348849 0.4772652397089662 0.47264338304180087 0.4453986117618839
0.025612980193524527 0.018194580396960678 0.028504783091491556 1.487650936251054 1.5989537735247223 1.6486905200369617 0.0 0.0 0.0 0.5044213054815262 0.5390494513072277 0.5590651010428177 0.5341786192771906
----------------0.45-0.63----------------
----------------0.45-0.63----------------
----------------0.45-0.63----------------
----------------0.45-0.63----------------
