results
----------------0.5-0.5----------------
----------------0.5-0.5----------------
----------------0.5-0.5----------------
----------------0.5-0.5----------------
0.0 0.0 0.0 0.0 0.0 0.0 0.0 0.0 0.0 0.0 0.0 0.0 0.0
0.0018371501885337733 0.0013431803869240289 0.0012647752855681914 0.0 0.0 0.0 0.0 0.0 0.0 0.0006123833961779244 0.000447726795641343 0.0004215917618560638 0.0004939006512251104
----------------Noise-0.15-evaluate----------------
----------------Noise-0.15-evaluate----------------
----------------Noise-0.15-evaluate----------------
