results
88.01777769798876 75.45495607473379 71.06975794062349 47.333489886731996 40.68007706320179 36.35750559302871 80.0882156089244 59.069338606058366 55.54150821660529 71.81316106454838 58.401457247997975 54.322923916752494 61.51251407643296
88.01777769798876 75.45495607473379 71.06975794062349 47.333489886731996 40.68007706320179 36.35750559302871 80.0882156089244 59.069338606058366 55.54150821660529 71.81316106454838 58.401457247997975 54.322923916752494 61.51251407643296
88.01777769798876 75.45495607473379 71.06975794062349 47.333489886731996 40.68007706320179 36.35750559302871 80.0882156089244 59.069338606058366 55.54150821660529 71.81316106454838 58.401457247997975 54.322923916752494 61.51251407643296
88.01777769798876 75.45495607473379 71.06975794062349 47.333489886731996 40.68007706320179 36.35750559302871 80.0882156089244 59.069338606058366 55.54150821660529 71.81316106454838 58.401457247997975 54.322923916752494 61.51251407643296
88.01777769798876 75.45495607473379 71.06975794062349 47.333489886731996 40.68007706320179 36.35750559302871 80.0882156089244 59.069338606058366 55.54150821660529 71.81316106454838 58.401457247997975 54.322923916752494 61.51251407643296
87.83353601420286 75.25656295385829 70.98233967290703 46.904691069599416 40.03164710643506 35.717685596929854 76.36197040748223 57.3200344969365 54.00421663563597 70.36673249709484 57.53608151907662 53.56808063515762 60.49029821710969
87.31484308321379 73.14190931487286 69.85304190088114 47.232866945344774 40.57601785629393 36.501493930371424 79.65996914944884 58.209908592837955 54.6744853611891 71.40255972600247 57.30927858800158 53.67634039748055 60.79605957049486
85.63784626255823 73.51292185761993 70.88566503443131 45.369350342928556 38.99453325434446 35.07151400050263 79.41341494539779 57.88217498245387 54.75560727628406 70.14020385029487 56.79654336480609 53.570928770406 60.16922532850232
87.16919996907275 74.55389550080814 70.56404302290916 48.57842705307518 41.822766695341016 37.19498214597684 76.0526151094836 54.89472750476207 51.95227082531291 70.60008071054385 57.09046323363708 53.23709866473297 60.3092142029713
87.89352167155296 75.40158122628797 70.94663791781673 45.73068795758351 39.31269549525297 34.95852482899928 80.48489727476301 58.805912535443404 55.2214494406754 71.36970230129982 57.84006308566145 53.708870729163806 60.972878705375024
82.13086495520912 68.77617222373765 65.81255604588637 45.59293178055299 39.30434786546489 35.356705984877436 73.19470074530547 54.39180764241962 51.08463885322615 66.97283249368918 54.157442577207384 50.75130029466332 57.29385845518662
85.01230233917312 71.89789526632431 69.31723102464136 33.75016437473157 29.60456080065833 26.78999602135151 29.27086973002292 22.526229142322812 20.8567902854852 49.3444454813092 41.34289506976848 38.98800577715936 43.22511544274568
86.82977339045902 73.05113423566155 70.1174525610928 44.88322284340012 38.822711825278745 34.54714946651107 66.07163548303406 50.90289415489606 47.571336000003264 65.92821057229774 54.25891340527878 50.74531267586905 56.97747888448186
85.15193999910117 73.03085461516308 69.86938256014292 41.29469758159466 34.98349577987827 30.879678216276467 47.97960074322424 36.130816539775864 33.59602823453627 58.14207944130669 48.048388978272406 44.78169633698522 50.32405491885478
86.62369103695033 74.02217210654493 70.38157662349057 40.64886184700772 34.53670466425943 30.692432776010044 70.93662901802182 52.22508474454123 48.70356547399447 66.06972730065996 53.59465383844853 49.925858291165035 56.53007981009117
82.0993231071126 69.93003650793706 66.29566035921555 37.54107130655619 31.832636151907817 28.319989720163946 77.04357677771006 53.683050569287175 50.24732464054309 65.56132373045962 51.815241076377355 48.2876582399742 55.22140768227038
72.07464457074852 62.44215742248663 60.25662858461619 36.14162132170007 31.195651369889426 27.88641680603476 3.0193999311290347 3.8733181659544464 3.7369953110468326 37.078555274525876 32.50370898611017 30.626680233899254 33.402981498178434
83.2051676940403 71.73691626620717 67.29566507829786 33.679089389629304 29.339852612597 26.120312441969272 76.80183217333824 56.052590438103614 52.880128603314034 64.56202975233595 52.37645310563593 48.7653687078604 55.234617188610756
82.57824604396052 70.10022965750456 66.60617471589096 19.22763391539182 16.374616379007183 14.294152401548663 76.17450886294625 54.745948347503315 51.2396714548391 59.326796274099536 47.07359812800502 44.046666190759574 50.149020197621375
79.5711328781712 69.23074076749262 65.93839331839277 21.290577511303827 17.43189583476134 14.725917893726203 58.72275706410335 45.42256757649442 42.886560796347986 53.19482248452613 44.02840139291613 41.18362400282232 46.13561596008819
80.83938181509085 70.14431405305123 66.65496375897307 9.165322345689164 7.856610172969421 6.638492024932418 74.03331260477366 46.948535648554675 44.06835654791812 54.67933892185122 41.64981995819178 39.12060411060787 45.14992099688362
77.24830505387575 63.68472651168558 60.82509886276151 34.15012961672049 30.72044162177624 27.983551113245355 70.17871464346096 45.60282454233789 42.810420923131446 60.52571643801907 46.669330891933235 43.8730236330461 50.3560236543328
78.28742612850637 65.23869493227411 62.834826881332816 34.400444008183435 29.18659289380997 25.680160665675604 29.67183485020138 24.391203938774666 22.784252529404732 47.453234995630396 39.605497254952915 37.09974669213772 41.386159647573685
65.45163332390082 54.51646636975703 50.71922083463905 31.822261688777342 28.059301549405834 25.242786804160872 42.28532048361562 28.63822143493 26.838151361016205 46.5197384987646 37.071329784697625 34.266719666605375 39.2859293166892
81.28729350000089 69.75825909938314 66.11938838362008 32.210243809394555 27.79769407884659 25.355812286199143 66.7376865363056 44.582490375007986 41.76078872265679 60.07840794856702 47.379481184412576 44.41199646415867 50.62329519904608
68.53223926298053 56.606723402070315 53.40460486157483 29.143037282674673 25.532997171198335 23.49393079781391 40.310904077304144 28.317820404115125 26.63216322380298 45.99539354098645 36.81918032579459 34.510232961063906 39.108268942614984
68.71027225138668 56.091745586074836 53.140272942546865 15.881542547493282 14.050490240867674 12.240096115189338 0.04787492677211482 0.012781167167922294 0.01063131086780988 28.21322990855069 23.385005664703474 21.797000122868003 24.465078565374057
67.75098256636069 58.29662814331489 54.73756411858323 0.002188715953307393 0.003020626564253042 0.0032361063168795307 57.13976398367316 40.67357221593412 37.800721459553834 41.63097842199572 32.991073661937754 30.84717389481798 35.15640865958382
70.87071697278236 58.4068183445835 55.776340558883184 13.83084559238687 11.595870360430782 10.026399177325647 49.41896811303893 34.56283898115226 32.70030485746206 44.70684355940272 34.85517589538885 32.8343481978903 37.46545588422728
17.512195970009405 20.826282545577026 22.000067339532613 16.789629023308308 14.296471228507762 12.578296670869898 53.60457189868497 36.050603649487186 33.884121406387756 29.302132297334225 23.72445247452399 22.82082847226342 25.28247108137388
16.905143663308827 16.35153200158344 17.156745580509646 2.7085056654207595 2.8335512604911797 2.8108446845743216 13.43862278166466 7.907389427939823 7.539307612526214 11.017424036798083 9.030824230004814 9.168965959203392 9.739071408668764
41.50029928387123 36.76090460280833 34.356307069392756 1.9948177053487843 1.778105368954147 1.9245568193112454 0.014950155167039497 0.032560702344074155 0.036302019372329075 14.503355714795687 12.857190224702181 12.105721969358777 13.155422636285548
52.20707390590105 37.07380618279015 33.365562959396065 12.649934436149204 11.394708722142047 9.883356068534194 0.005130087977111685 0.07439798913162318 0.07530736884892529 21.62071281000912 16.18097096468794 14.441408798926394 17.41436419120782
18.080649438448027 16.66523568540233 16.718054558512332 23.71400850260987 20.45613014743382 18.55896003831596 51.01254575071772 34.17635976498698 32.242874635985935 30.935734563925205 23.76590853260771 22.506629744271407 25.736090946934777
7.419607938256187 7.113202068799652 7.29420685368333 7.433948840361823 5.764038360886063 5.205926287734695 34.68741478819714 25.480135222577964 23.65606746865006 16.51365718893838 12.785791884087892 12.052066870022694 13.783838647682991
22.266990353160992 20.35649932789961 21.973065700316223 0.9486039026097435 0.5993364401376445 0.4597358925022244 3.8575907932533884 2.5696727967539577 2.5300180383281106 9.024395016341375 7.841836188263737 8.320939877048852 8.395723693884655
14.361338064917181 11.556812326125534 12.061298803762488 6.683431101652984 5.61451496895284 5.25858576141339 15.97195883233629 10.223246027743505 9.969603620774697 12.338909332968818 9.131524440940625 9.096496061983524 10.188976611964321
35.63549925369976 27.65226628329541 27.12820350342912 6.701204186341723 6.9807816661018025 6.980093036372964 52.029164834368956 32.416864847697376 30.64823382508696 31.455289424803482 22.349970932364865 21.58551012162968 25.130256826266006
19.962670518146144 18.94381374121051 21.037606391367774 15.409764764355987 14.683223806735288 14.105288619565387 41.520882547604934 24.816201829824166 23.428388392847317 25.631105943369022 19.481079792589988 19.523761134593492 21.545315623517503
53.46144192510328 42.575395096389144 40.123808456969854 2.402521954526662 2.4520123224498627 2.249363403667783 0.06779255912678572 0.6446398725199899 0.6326749868588245 18.64391881291891 15.224015763786332 14.335282282498822 16.067738953068023
1.1560904246451826 1.1147991630540928 1.138466885332832 0.7871947671044407 0.7212521296326551 0.7803698144388809 0.0002762787099626103 0.006148187863287284 0.006301091155896396 0.6478538234865286 0.6140664935166783 0.6417125969758698 0.6345443046596922
13.959322561197068 14.73583735501999 14.82247731541792 0.9478479735851659 0.8069107428476916 0.7714990500741041 0.0425753098518887 0.13998612803884233 0.13708764865946452 4.983248614878041 5.2275780753021746 5.243688004717163 5.151504898299127
17.490824506185326 15.28877208567735 15.313441989172686 4.390366191519936 3.5968291274575197 3.083298953769052 0.00011136105481191119 0.0003772730702482457 0.0004149941146289198 7.2937673529200255 6.295326162068373 6.132385312352121 6.573826275780174
10.075766619767478 11.474658530539958 11.480618588361443 0.003295875447297382 0.0033912099837221923 0.003616963559092142 32.43364902027501 19.331806033413937 18.555980881786965 14.170903838496598 10.269951924645872 10.0134054779025 11.48475374701499
0.08065115060474297 0.1232720508424421 0.38796231418309024 10.303220464256063 9.518150581498604 9.263274895884761 0.006657789613848203 0.007338551859099804 0.008038585209003215 3.463509801491551 3.216253728066715 3.2197585984256185 3.2998407093279614
0.16600200898596204 0.2324886584542096 0.2781512145167662 0.0 0.0 0.0003601527047468127 0.051030484861055006 0.038089370331949625 0.04090252293287006 0.07234416461567235 0.09019267626205307 0.1064712967181277 0.08966937919861771
0.3782344008710885 0.45879267053931855 0.5592419486484269 3.3762082809699177 2.750684948675932 2.5744807360603037 14.84597401586888 8.688443551836514 8.000685869770136 6.200138899236628 3.9659737236839216 3.7114695181596224 4.625860713693391
0.054040337004177694 0.06856065129454182 0.11540362334981455 0.0006804572672836147 0.0002876373468331128 0.0005752085130859936 0.020576415577117972 0.003975826972010178 0.003975826972010178 0.025099069949526428 0.024274705204461705 0.03998488627830358 0.02978622047743057
0.17601786159187124 0.28366693896493606 0.4378119294747001 0.031770960683632075 0.02600676866835689 0.02404185348666611 2.2771656132934486 1.428585697452075 1.3781132743276894 0.8283181451896505 0.5794198016951226 0.6133223524296852 0.6736867664381527
0.10006526389802926 0.19074138170724822 0.2647759058614794 0.17216883152836926 0.11035599922367767 0.10251092526797655 0.08603368037965957 0.08555364923048817 0.07977203780529421 0.1194225919353527 0.12888367672047132 0.14901962297825008 0.1324419638780247
0.016285604802656787 0.017413097252961855 0.027873209308355483 0.09112068900777712 0.11395689940969195 0.1583819671450198 0.0 0.0 0.01893939393939394 0.0358020979368113 0.04378999888755127 0.06839819013092308 0.04933009565176188
0.00016414431568234793 0.0001769316513031016 0.0003096139556278971 0.0 0.0 0.0017445917655268667 9.641129609837258e-05 5.834052866520204e-05 6.667466762678188e-05 8.685187059357351e-05 7.842405998943456e-05 0.0007069601295938486 0.00029074535339228556
0.0009254534722013787 0.0009990249516471925 0.0019041176877886137 0.006144475315238299 0.004755111745126011 0.00618719992080384 0.060570830879348246 0.05400560715995588 0.051738629355036925 0.022546919888929307 0.019919914618909695 0.019943315654543128 0.020803383387460708
0.0012669453946534905 0.001519496027858619 0.0021624906172927763 0.0009009009009009009 0.0004619535089988543 0.0004619535089988543 0.0010479983232026828 0.00011330160888284613 0.00011330160888284613 0.001071948206252358 0.0006982503819134398 0.0009125819117248257 0.0008942601666302078
0.008071526139326959 0.016637731481481483 0.024338357251027617 0.0 0.0 0.0 0.0 0.0013520822065981612 0.0013520822065981612 0.0026905087131089862 0.005996604562693214 0.008563479819208592 0.005750197698336931
0.0017081575663953422 0.0018254004472231097 0.0028510172429522854 0.0005444589633501338 0.0002325461216474601 0.00028421716258255215 0.0006437491953135059 0.000157427425956634 0.0002098988287645355 0.0009654552416863274 0.0007384579982757346 0.0011150444114331243 0.0009396525504650621
0.00017205850798958743 0.00024444644112408366 0.0003038991583314615 0.005642183011899877 0.0017803097739006587 0.0021138356103422187 0.0 0.0003207046951167365 0.0003207046951167365 0.0019380805066298214 0.000781820303380493 0.0009128131545968056 0.0012109046548690401
0.0 0.001200134415054486 0.0019196621394634544 0.0003129466008783368 0.00023404952487946453 0.0002486761651209736 0.0 0.0 0.0 0.00010431553362611227 0.0004780613133113169 0.000722779434861476 0.0004350520939329684
0.005209108498288435 0.004400158973485493 0.005391600454029512 0.001175590467030031 0.0007648434256244402 0.0010651896037494673 0.0010785159620362382 0.0016321815990357573 0.0005045205037132709 0.0024877383091182347 0.002265727999381897 0.00232043685383075 0.00235796772077696
0.024558022244484994 0.004726555703763846 0.0058548009367681494 0.01169801050621507 0.007352490247743566 0.005197655983962487 0.00010930395243091989 0.00014278487622591015 0.00014278487622591015 0.012121778901043661 0.0040739436092444405 0.0037317472656521818 0.006642489925313428
0.0 0.0 0.0 0.0 0.0 0.0 0.0 0.0 0.0 0.0 0.0 0.0 0.0
0.0 0.0 0.0 0.0 0.0 0.0 0.0 0.0 0.0 0.0 0.0 0.0 0.0
0.0 0.0 0.0 0.0 0.0 0.0 0.0 0.0 0.0 0.0 0.0 0.0 0.0
0.0099601593625498 0.0003367986168803467 0.0006173948183736698 0.0 0.0 0.0 0.0 0.00012533055935028638 0.00012533055935028638 0.0033200531208499337 0.00015404305874354437 0.00024757512590798536 0.001240557101833821
0.00010378180912449667 0.0002331045800387886 0.00038293457080027334 0.0 0.0 0.0 0.0 0.0 0.0 3.4593936374832224e-05 7.77015266795962e-05 0.00012764485693342445 7.998010666261763e-05
