results
86.54573018028829 75.65388879899248 72.45792504917101 50.89792442399656 44.360226433480484 39.59845582619223 79.48723863359388 61.77420929160136 57.731541679454764 72.31029774595957 60.59610817469144 56.59597418493934 63.16746003519678
86.54573018028829 75.65388879899248 72.45792504917101 50.89792442399656 44.360226433480484 39.59845582619223 79.48723863359388 61.77420929160136 57.731541679454764 72.31029774595957 60.59610817469144 56.59597418493934 63.16746003519678
86.54573018028829 75.65388879899248 72.45792504917101 50.89792442399656 44.360226433480484 39.59845582619223 79.48723863359388 61.77420929160136 57.731541679454764 72.31029774595957 60.59610817469144 56.59597418493934 63.16746003519678
86.54573018028829 75.65388879899248 72.45792504917101 50.89792442399656 44.360226433480484 39.59845582619223 79.48723863359388 61.77420929160136 57.731541679454764 72.31029774595957 60.59610817469144 56.59597418493934 63.16746003519678
86.54573018028829 75.65388879899248 72.45792504917101 50.89792442399656 44.360226433480484 39.59845582619223 79.48723863359388 61.77420929160136 57.731541679454764 72.31029774595957 60.59610817469144 56.59597418493934 63.16746003519678
86.54573018028829 75.65388879899248 72.45792504917101 50.89792442399656 44.360226433480484 39.59845582619223 79.48723863359388 61.77420929160136 57.731541679454764 72.31029774595957 60.59610817469144 56.59597418493934 63.16746003519678
86.54573018028829 75.65388879899248 72.45792504917101 50.89792442399656 44.360226433480484 39.59845582619223 79.48723863359388 61.77420929160136 57.731541679454764 72.31029774595957 60.59610817469144 56.59597418493934 63.16746003519678
86.54573018028829 75.65388879899248 72.45792504917101 50.89792442399656 44.360226433480484 39.59845582619223 79.48723863359388 61.77420929160136 57.731541679454764 72.31029774595957 60.59610817469144 56.59597418493934 63.16746003519678
86.54573018028829 75.65388879899248 72.45792504917101 50.89792442399656 44.360226433480484 39.59845582619223 79.48723863359388 61.77420929160136 57.731541679454764 72.31029774595957 60.59610817469144 56.59597418493934 63.16746003519678
86.54573018028829 75.65388879899248 72.45792504917101 50.89792442399656 44.360226433480484 39.59845582619223 79.48723863359388 61.77420929160136 57.731541679454764 72.31029774595957 60.59610817469144 56.59597418493934 63.16746003519678
84.39032645313128 74.61478849540364 70.0590220211067 43.624365611031216 38.18882605929888 33.893362441724044 76.90066221769821 57.92763038946689 54.12878506573073 68.30511809395357 56.910414981389806 52.693723176187156 59.303085417176845
82.2211232887687 71.49829959675117 66.89581304766816 45.49250541767485 38.47477048878224 34.79267168760348 74.19702387065888 56.85885606108051 53.43683158109622 67.30355085903415 55.610642048871306 51.70843877212261 58.207543893342695
84.53114162238217 74.24218212078976 70.12429510734431 45.90757050349753 39.78233411134424 35.13515837118778 73.84204363598342 56.05681155800926 52.49681776100793 68.09358525395437 56.69377593004776 52.585423746513335 59.124261643505164
85.56416397528908 74.69491462134931 70.99591269681433 46.49734377339577 40.252163915435446 35.75463710925203 75.1999228877491 59.89069417752773 56.148340506726804 69.08714354547799 58.27925757143749 54.29963010426439 60.55534374039329
81.97255228192354 70.23686977679444 66.14244672816261 48.67141752343599 42.04948361007104 37.4732040252769 78.41745348627782 60.81349677324884 56.918186116047295 69.68714109721245 57.699950053371445 53.5112789564956 60.299456702359834
81.3122055798344 71.39182286096933 67.92351257792956 48.416846713692344 42.12209185263973 38.02412741508536 80.38489941827095 61.160984640104765 57.202750435038276 70.03798390393256 58.22496645123794 54.38346347601773 60.88213794372942
85.22592240959227 74.76022116268 71.64150340960231 47.11207857631112 41.366972782584895 36.96593421238151 72.41928555317769 55.154562829102204 51.74157347764694 68.25242884636036 57.09391892478903 53.449670366543586 59.59867271256433
84.43914620475752 72.77566847228942 69.91742837991643 44.729001332603914 37.89971089241024 34.27433453967331 73.55086200121168 57.84464877033179 54.23781608475154 67.57300317952438 56.17334271167715 52.809859668113766 58.852068519771755
83.89471539548522 72.17058504307202 69.0481972836929 48.19607257014005 42.74283806247478 38.104896975534615 80.65011178269992 61.031742422006964 57.11165057683911 70.91363324944173 58.64838850918459 54.754914945355544 61.438978901327296
83.62602626803361 71.5804923732622 68.20600869774395 49.42021409564607 43.95501109784284 39.5070381966051 73.15201446624405 56.42896196931609 52.75435505484934 68.73275160997458 57.321488480140374 53.48913398306613 59.84779135772703
64.97411052777419 56.904719020731484 52.72751251973291 41.74127111277726 36.17077227435811 32.35425551198011 70.54319818811294 51.635416574865744 48.36878662673049 59.08619327622146 48.23696928998512 44.48351821948117 50.60222692856258
73.1928871576532 64.00462624906231 60.52727222382656 33.984098856191366 28.76590946635844 25.56489606103106 63.65379934691533 43.13426463242272 39.817929332227614 56.9435951202533 45.30160011594782 41.97003253902841 48.07174259174318
71.44772725830559 58.633660004898516 54.263487255527274 29.288454352957828 26.526580932438705 23.71216777977004 71.50302480569046 54.15057934742607 50.30670095854376 57.4130688056513 46.43694009492109 42.76078533128035 48.87026474395091
61.93478390075985 56.1397399196329 55.06486002525717 32.85608622955989 28.938961937103798 25.330816456974915 64.17385098830802 49.88290562421789 46.22840265475211 52.98824037287593 44.98720249365153 42.20802637899473 46.72782308184073
79.88338215360619 68.56114197194618 65.14250762404056 36.91209171290345 33.02130639795088 30.198144772711437 67.49195063609817 50.16612926244686 46.567611895288934 61.429141500869264 50.582859210781315 47.30275476401365 53.10491849188807
80.1887646577892 68.29964298718514 63.83790391337243 40.71039726986744 35.77669695291322 32.102279071934646 59.18741287349394 43.20453616316289 40.198624761003124 60.0288582670502 49.09362536775375 45.379602582103395 51.50069540563578
81.5362607316209 67.15817235813681 62.37878470886993 40.46067238907145 35.58310023264254 31.86628450616493 67.6450227711215 52.55194004440119 48.924662924072564 63.21398529727128 51.76440421172685 47.72324404636914 54.23387785178909
77.41220748476965 65.69216692085698 63.347129998324526 38.44192578604728 33.3722366785578 29.767475417350152 69.99946662596763 53.39105225592291 49.66141732294413 61.951199965594846 50.81848528511256 47.5920075795396 53.45389761008234
75.01708206227359 63.741185228740946 59.837369857663866 27.121120690386256 23.248541674074154 20.212404296958912 64.71004424294469 51.16252154007256 47.30780004721166 55.61608233186818 46.05074948096256 42.45252473394481 48.03978551559185
73.95777576669384 63.24053741109312 59.103302275241866 40.23752458916333 34.57897691958684 31.531654271196917 57.93531532504227 44.1112958525278 41.28196024424399 57.376871893633144 47.310270061069254 43.97230559689425 49.55314918386555
53.122948600257594 48.54072035249832 45.8771211135376 32.351600941103975 27.705029466859454 24.738872543609062 61.400250408666246 42.82375405003066 40.10258691594469 48.95826665000927 39.68983462312948 36.90619352436378 41.85143159916751
24.637646560804054 27.801054954572002 27.47938404247646 24.483494280710733 20.19699018852277 16.93264532473437 46.87005309775301 38.86450318658469 36.25874097445717 31.997064646422597 28.954182776559822 26.890256780556 29.280501401179475
13.772809256332753 12.694379585712342 12.499642826241201 23.7933474005747 21.147799485739753 19.261536313724363 51.73508493786683 36.723536231346664 34.50700478882652 29.76708053159143 23.521905100932923 22.089394642930696 25.12612675848501
53.584695582368255 45.603141592929 42.629202205137595 0.24527106870052126 0.20748100138899248 0.2000963077936825 14.57038270672825 12.596425201343148 12.060165553518878 22.80011645259901 19.469015931887046 18.296488022150054 20.18854013554537
7.912932299705355 12.038128232366752 13.596474523709375 7.054772971787818 7.320140815960656 6.947038439553824 23.175140611526306 14.86064639685199 13.707557317568977 12.714281961006492 11.406305148393132 11.417023426944057 11.845870178781228
55.51370623416545 50.14381826137454 48.45451197306005 11.253141591291053 9.37720171619735 8.761029242210423 59.91871924608976 41.58440445959949 38.918772188325065 42.22852235718208 33.701808145723795 32.04477113453185 35.99170054581258
44.00946462482335 37.59891159383456 36.74847850525423 12.59077012207329 10.706588425976326 9.589101131733472 16.436121301561204 12.316618913407096 11.608475892316976 24.345452016152617 20.20737297773933 19.31535184310156 21.289392278997838
32.62601798087281 30.494159521022297 32.03342672466233 32.404300692731404 28.573414668266945 25.45571235720545 55.4327128159194 40.02401130678958 38.1626456031736 40.1543438298412 33.030528498692945 31.883928228347127 35.02293351896042
71.61637597917431 61.22649557013159 57.733457943577406 32.83733921117996 29.89796180385581 27.15277857179748 62.68720328725726 46.074040961326205 43.04155571549422 55.713639492537176 45.732832778437874 42.6425974102897 48.02968989375491
34.87713235558783 31.207072754536856 31.110513925993672 30.36194835297133 25.86134600740431 23.309753783059698 44.0987596851773 34.113492238670226 31.821303265538653 36.44594679791215 30.39397033353713 28.747190324864007 31.86236915210443
33.52563230602846 27.64637686657198 25.543690874043534 14.733134136262166 12.989093237622779 11.600870496946127 26.28419905843773 16.171589936530946 15.124242481080946 24.84765516690945 18.9356866802419 17.42293461735687 20.402092154836076
13.577808060976729 15.951898293546485 16.03044348140116 4.0298371351268365 4.046003741173872 4.053421474032624 2.531593577193705 2.094787082712984 1.8996934978370394 6.713079591099089 7.3642297058111135 7.327852817756941 7.135054038222382
3.6383255977576807 6.641420932133382 8.441190417429553 7.207075120909991 6.405607372994735 5.5660245968252395 31.61265281297553 18.090591896213994 17.016792506011736 14.152684510547735 10.379206733780704 10.341335840088844 11.624409028139095
2.389684436835341 3.5224991531484546 4.724959751897091 14.636801912444074 15.526133757238172 15.44994238049528 14.72626383168455 8.887315002630455 8.349307970225945 10.584250060321322 9.31198263767236 9.508070034206106 9.801434244066597
0.16368028469055773 0.9990847242175509 1.2462625669707978 1.7210902134854793 1.8890444184200266 1.9221598325373939 2.4405921040297462 4.2953662581836065 3.888327130273565 1.4417875340685944 2.394498466940395 2.3522498432605854 2.0628452814231917
47.21456656598597 37.21609114190888 35.47805943362574 2.132949921086017 1.8372296401827728 1.8005234587373682 36.95432332026079 23.43320303159406 21.824766303310792 28.767279935777594 20.828841271228573 19.701116398557968 23.099079201854707
60.33884556996004 46.30244473839037 42.85639231358506 6.021192162731455 4.9601935958452446 4.394115249732129 7.1715040780629264 6.3914491010742855 5.9602729007244415 24.51051393691814 19.2180291451033 17.73692682134721 20.488489967789548
8.562968134399753 10.998464793430658 12.367378951548655 1.8946788607777396 1.874839094203414 1.723415855795372 12.096301192646477 7.660831355093949 7.3089571094363315 7.517982729274657 6.844711747576007 7.1332506389267865 7.1653150385924835
9.835761333062806 8.869479367848884 9.082862906394237 0.16603366423689936 0.15652018152547362 0.106865378861668 4.4055141107375 4.16068023267795 3.8197718348637415 4.802436369345735 4.39555992735077 4.3365000400398825 4.511498778912129
0.33962556994206405 0.7732787732723527 0.9403485760009535 0.39543302602579633 0.30970669434123377 0.24918475349297725 31.49817740718953 16.912792072868765 15.320983323455565 10.744412001052462 5.998592513494117 5.5035055509831645 7.415503355176581
7.750579512122013 7.915852470618915 8.529159686877987 0.037392580740542976 0.030440833731421688 0.0350134682775664 8.258674381767698 4.2667570423476535 3.795585085378809 5.348882158210085 4.071016782232664 4.119919413511455 4.513272784651401
1.040718933219692 1.6501813318150462 1.8305231023125146 0.9414208534230848 0.6685253135124994 0.6979335871553505 2.995666364441419 3.5223689858661804 3.156296467112437 1.6592687170280653 1.9470252103979089 1.8949177188601007 1.833737215428692
3.475746354002963 4.540094052484163 4.685723961838288 0.0 0.00351493848857645 0.00351493848857645 0.7248281208206147 1.0580342248216417 0.9499127503071091 1.400191491607859 1.8672144052647937 1.8797172168779914 1.715707704583548
12.014133006994479 8.950688810336366 8.976908088466836 0.015248038846078633 0.009917344165900555 0.01216530546519458 1.834456849717218 2.2636142707129636 2.010026862179016 4.621279298519259 3.741406808405077 3.6663667520370153 4.009684286320451
0.6082291327966828 1.5649686761104902 2.068190473766644 0.0009251160600148019 0.0018864638959832833 0.002973513968263178 4.763551265750506 3.1306903088833438 2.9713058023299355 1.790901838202401 1.5658484829632726 1.6808232633549476 1.679191194840207
0.01951921101294432 0.06311184326469733 0.019707632365821983 0.07590216736572697 0.14221333986353993 0.11617868369546333 0.003461405330564209 0.21058991668893717 0.22280810587262198 0.0329609279030785 0.13863836660572482 0.11956480731130244 0.09705470060670192
0.10851031124751565 0.1281765686905454 0.21448427257225053 0.0905057950277005 0.10560873578728887 0.16856567606354234 8.099725249207866 4.7701796075838585 4.5529770030087775 2.766247118494361 1.6679883040205643 1.6453423172148567 2.02652591324326
2.6780178419528946 2.4073109465669402 2.2567373513931295 1.7634484357056674 1.6917300034682035 1.8057537229131626 6.905052261012777 4.18204368921595 3.821688092708269 3.78217284622378 2.7603615464170317 2.6280597223381874 3.0568647049929996
3.2227912377990102 4.107461764713051 4.972162212289047 0.009983567545604524 0.006152464227189877 0.005725579252754359 20.70559185176287 13.643458131197933 13.117025161787337 7.979455552369161 5.919024120046058 6.031637651109713 6.643372441174978
1.2891675871196098 1.3279354223999242 1.8933177478487815 9.587521316050134 8.14491157748721 7.2457706121338505 8.153269290763912 4.626750767684622 3.918920267093677 6.3433193979778855 4.699865922523919 4.352669542358769 5.131951620953525
0.0014995201535508637 0.0037809047869542343 0.021382867589448944 0.00024201355275895454 0.0003266159323251788 0.0004898918971880205 0.025003413134473566 0.014165807447588191 0.015120190717970392 0.008914982280261129 0.006091109388955868 0.012330983401535786 0.009112358356917595
0.1324940532675619 0.14893524208677913 0.19885119182883093 0.10771507754127645 0.02921902069733786 0.01563838732485083 0.3642301879180359 0.28550658285537445 0.2981487321352772 0.20147977290895805 0.15455361521316383 0.17087943709631967 0.17563760840614717
0.005906522855675398 0.0052663256093891065 0.004501370872038302 0.004161528976572133 0.0018635223961509793 0.0022584579249288585 0.5891016200294551 0.10483870967741937 0.10483870967741937 0.19972322395390088 0.03732285256098649 0.03719951282479551 0.09141519644656096
9.784125500199496 8.009104311435353 6.713914548350439 2.7114171542186183 2.5192716117314493 2.5457981705051083 0.46016066590994203 0.24959003937452434 0.20970398801505577 4.318567773442685 3.592655320847109 3.156472235623534 3.689231776637776
0.9329863838141572 0.7429993929491147 0.7252407764091431 0.11718969298614257 0.20204072963693845 0.15388292774721588 5.962183959812312 3.3962865577565395 3.0740925201017 2.3374533455375373 1.447108893447531 1.317738741419353 1.7007669934681404
0.0041356492969396195 0.0018582755203171454 0.0017835909631391202 0.006997455470737913 0.015976419614083033 0.008606690483923351 0.0013650546021840874 0.003341040480256364 0.003652135886257025 0.004166053123287206 0.007058578538218847 0.004680805777773166 0.00530181247975974
0.002000094122076333 0.007209601314036405 0.02326129946974686 0.0032658393207054214 0.003462603878116344 0.003462603878116344 0.002303508366614592 0.0058539714333879275 0.004638435994132615 0.002523147269798782 0.005508725541846893 0.010454113113998605 0.006161995308548093
0.0023756731073804245 0.002638132624203284 0.006427276941880559 0.0012743543271409152 0.001049097775912715 0.0012777593212542487 0.010619961142641644 0.006203871268950158 0.004851514543686393 0.004756662859054328 0.0032970338896887185 0.004185516935607067 0.0040797378947833715
0.2436897682883409 0.07515533920482095 0.07677810252140294 0.0026504888679467543 0.0015270142706424565 0.0015270142706424565 0.004576932923420236 0.0068617381166020145 0.007367408415990685 0.08363906335990264 0.027848030530688475 0.028557508402678695 0.046681534097756605
0.004351610095735422 0.0037386855568673754 0.0005114547599998539 0.00171909919202338 0.00210832083958021 0.0028410286628225093 0.09011995536900123 0.055134677747254696 0.0499656177400488 0.032063554885586674 0.02032722804790076 0.01777270038762372 0.023387827773703723
0.004201680672268907 0.0004208923650124987 0.0005306670668018343 0.0 0.0 0.0 0.0 0.0 0.0 0.0014005602240896359 0.00014029745500416624 0.00017688902226727812 0.0005725822337870267
0.0 0.0015174506828528073 0.0015174506828528073 0.0 0.0 0.0 0.0 0.0 0.0 0.0 0.0005058168942842691 0.0005058168942842691 0.0003372112628561794
0.02210759027266028 0.025177172696754943 0.009680542110358181 0.0006923540036122818 0.0007771618050878192 0.0008149398393300833 0.0005421817393190197 0.0005389092476826903 0.0008082767539605561 0.0077807086718638604 0.008831081249841817 0.00376791956788294 0.00679323649652954
0.0 0.0 0.0 0.00030464028075648274 0.00021712069015430044 0.0002533038053468815 0.000409194004723268 0.00047974728389230044 0.0005166432947080966 0.00023794476182658359 0.00023228932468220029 0.00025664903335165934 0.00024229437328681443
0.0 0.0 0.0 0.0 0.0 0.0 0.0 0.0 0.0 0.0 0.0 0.0 0.0
0.0014750286329087566 0.002809612796152791 0.003070651108701049 0.019689360324792002 0.03259372659816924 0.025439867502898852 0.0006482057664384982 0.0008809796493700996 0.0008809796493700996 0.007270864908046419 0.012094773014564042 0.00979716608699 0.00972093466986682
0.018092060308230906 0.0015409241142044898 0.0018563164468083783 0.0 0.0 0.0 2.3272942603097304 1.1986280944590346 1.1836143019280603 0.7817954402059871 0.40005633952441305 0.39515687279162287 0.5256695508406745
0.0 0.0004333206225950706 0.001039717196922437 0.0 0.0 0.0 0.0 0.0 0.0 0.0 0.0001444402075316902 0.0003465723989741457 0.00016367086883527863
0.05437859674136523 0.013847509546389159 0.016661078045100176 0.0029065261199813985 0.004604390747016355 0.006074215873950817 0.0 0.0 0.0 0.01909504095378221 0.006150633431135172 0.007578431306350331 0.010941368563755903
0.0 0.0 0.0 0.0 0.0 0.0 0.0 0.0 0.0 0.0 0.0 0.0 0.0
0.0 0.0 0.0 0.0 0.0 0.0 0.0 0.0 0.0 0.0 0.0 0.0 0.0
0.0011044028861728757 0.0006593629539460336 0.0006593629539460336 0.0 0.0005369992482010525 0.0005369992482010525 0.0 0.0 0.0 0.0003681342953909586 0.00039878740071569544 0.00039878740071569544 0.00038856969894078314
0.0 4.77878981926617e-05 9.557396947367414e-05 0.0013702384214853386 0.0023250406882120438 0.0023250406882120438 0.0 0.0012610340479192938 0.0012610340479192938 0.00045674614049511284 0.0012112875447746665 0.0012272162352016706 0.0009650833068238164
0.0 0.0 0.0 0.0 0.0 0.0 0.0 0.0 0.0 0.0 0.0 0.0 0.0
0.0 0.0 0.0 0.0 0.0 0.0 0.0 0.0 0.0 0.0 0.0 0.0 0.0
0.01984126984126984 0.0005650405090580341 0.0006519471488178025 0.0 0.0 0.0 0.0 0.0 0.0 0.006613756613756613 0.00018834683635267802 0.00021731571627260084 0.002339806388793964
0.0 0.0 0.0 0.0 0.0 0.0 0.0 0.0 0.0 0.0 0.0 0.0 0.0
0.0 0.0 0.0 0.0 0.0 0.0 0.0 0.0 0.0 0.0 0.0 0.0 0.0
0.0 0.0 0.0 0.0 0.0 0.0 0.0 0.0 0.0 0.0 0.0 0.0 0.0
0.0 7.639185968343214e-05 7.639185968343214e-05 0.0 0.0 0.0 0.0 0.0 0.0 0.0 2.5463953227810714e-05 2.5463953227810714e-05 1.6975968818540477e-05
0.0 0.0 0.0 0.0 0.0 0.0 0.0 0.0 0.0 0.0 0.0 0.0 0.0
0.0 0.0 0.0 0.0 0.0 0.0 0.0 0.0 0.0 0.0 0.0 0.0 0.0
0.0 0.0 0.0 0.0 0.0 0.0 0.0 0.0 0.0 0.0 0.0 0.0 0.0
0.0 0.0 0.0 0.0 0.0 0.0 0.0 0.0 0.0 0.0 0.0 0.0 0.0
0.0 0.0 0.0 0.0 0.0 0.0 0.0 0.0 0.0 0.0 0.0 0.0 0.0
0.0 0.0 0.0 0.0 0.0 0.0 0.0 0.0 0.0 0.0 0.0 0.0 0.0
0.0 0.0 0.0 0.0 0.0 0.0 0.0 0.0 0.0 0.0 0.0 0.0 0.0
0.0 0.0 0.0 0.0 0.0 0.0 0.0 0.0 0.0 0.0 0.0 0.0 0.0
0.0 0.0 0.0 0.0 0.0 0.0 0.0 0.0 0.0 0.0 0.0 0.0 0.0
0.0 0.0 0.0 0.0 0.0 0.0 0.0 0.0 0.0 0.0 0.0 0.0 0.0
0.0 0.0 0.0 0.0 0.0 0.0 0.0 0.0 0.0 0.0 0.0 0.0 0.0
0.0 0.0 0.0 0.0 0.0 0.0 0.0 0.0 0.0 0.0 0.0 0.0 0.0
0.0 0.0 0.0 0.0 0.0 0.0 0.0 0.0 0.0 0.0 0.0 0.0 0.0
0.0 0.0 0.0 0.0 0.0 0.0 0.0 0.0 0.0 0.0 0.0 0.0 0.0
0.0 0.0 0.0 0.0 0.0 0.0 0.0 0.0 0.0 0.0 0.0 0.0 0.0
0.0 0.0 0.0 0.0 0.0 0.0 0.0 0.0 0.0 0.0 0.0 0.0 0.0
0.0 0.0 0.0 0.0 0.0 0.0 0.0 0.0 0.0 0.0 0.0 0.0 0.0
0.0 0.0 0.0 0.0 0.0 0.0 0.0 0.0 0.0 0.0 0.0 0.0 0.0
0.0 0.0 0.0 0.0 0.0 0.0 0.0 0.0 0.0 0.0 0.0 0.0 0.0
0.0 0.0 0.0 0.0 0.0 0.0 0.0 0.0 0.0 0.0 0.0 0.0 0.0
0.0 0.0 0.0 0.0 0.0 0.0 0.0 0.0 0.0 0.0 0.0 0.0 0.0
0.0 0.0 0.0 0.0 0.0 0.0 0.0 0.0 0.0 0.0 0.0 0.0 0.0
0.0 0.0 0.0 0.0 0.0 0.0 0.0 0.0 0.0 0.0 0.0 0.0 0.0
0.0 0.0 0.0 0.0 0.0 0.0 0.0 0.0 0.0 0.0 0.0 0.0 0.0
0.0 0.0 0.0 0.0 0.0 0.0 0.0 0.0 0.0 0.0 0.0 0.0 0.0
0.0 0.0 0.0 0.0 0.0 0.0 0.0 0.0 0.0 0.0 0.0 0.0 0.0
0.0 0.0 0.0 0.0 0.0 0.0 0.0 0.0 0.0 0.0 0.0 0.0 0.0
0.0 0.0 0.0 0.0 0.0 0.0 0.0 0.0 0.0 0.0 0.0 0.0 0.0
0.0 0.0 0.0 0.0 0.0 0.0 0.0 0.0 0.0 0.0 0.0 0.0 0.0
0.0 0.0 0.0 0.0 0.0 0.0 0.0 0.0 0.0 0.0 0.0 0.0 0.0
0.0 0.0 0.0 0.0 0.0 0.0 0.0 0.0 0.0 0.0 0.0 0.0 0.0
0.0 0.0 0.0 0.0 0.0 0.0 0.0 0.0 0.0 0.0 0.0 0.0 0.0
0.0 0.0 0.0 0.0 0.0 0.0 0.0 0.0 0.0 0.0 0.0 0.0 0.0
0.0 0.0 0.0 0.0 0.0 0.0 0.0 0.0 0.0 0.0 0.0 0.0 0.0
0.0 0.0 0.0 0.0 0.0 0.0 0.0 0.0 0.0 0.0 0.0 0.0 0.0
0.0 0.0 0.0 0.0 0.0 0.0 0.0 0.0 0.0 0.0 0.0 0.0 0.0
0.0 0.0 0.0 0.0 0.0 0.0 0.0 0.0 0.0 0.0 0.0 0.0 0.0
0.0 0.0 0.0 0.0 0.0 0.0 0.0 0.0 0.0 0.0 0.0 0.0 0.0
0.0 0.0 0.0 0.0 0.0 0.0 0.0 0.0 0.0 0.0 0.0 0.0 0.0
0.0 0.0 0.0 0.0 0.0 0.0 0.0 0.0 0.0 0.0 0.0 0.0 0.0
