86.54573018028829 75.65388879899248 72.45792504917101 50.89792442399656 44.360226433480484 39.59845582619223 79.48723863359388 61.77420929160136 57.731541679454764 72.31029774595957 60.59610817469144 56.59597418493934 63.16746003519678
86.54573018028829 75.65388879899248 72.45792504917101 50.89792442399656 44.360226433480484 39.59845582619223 79.48723863359388 61.77420929160136 57.731541679454764 72.31029774595957 60.59610817469144 56.59597418493934 63.16746003519678
86.54573018028829 75.65388879899248 72.45792504917101 50.89792442399656 44.360226433480484 39.59845582619223 79.48723863359388 61.77420929160136 57.731541679454764 72.31029774595957 60.59610817469144 56.59597418493934 63.16746003519678
86.54573018028829 75.65388879899248 72.45792504917101 50.89792442399656 44.360226433480484 39.59845582619223 79.48723863359388 61.77420929160136 57.731541679454764 72.31029774595957 60.59610817469144 56.59597418493934 63.16746003519678
86.54573018028829 75.65388879899248 72.45792504917101 50.89792442399656 44.360226433480484 39.59845582619223 79.48723863359388 61.77420929160136 57.731541679454764 72.31029774595957 60.59610817469144 56.59597418493934 63.16746003519678
86.54573018028829 75.65388879899248 72.45792504917101 50.89792442399656 44.360226433480484 39.59845582619223 79.48723863359388 61.77420929160136 57.731541679454764 72.31029774595957 60.59610817469144 56.59597418493934 63.16746003519678
86.54573018028829 75.65388879899248 72.45792504917101 50.89792442399656 44.360226433480484 39.59845582619223 79.48723863359388 61.77420929160136 57.731541679454764 72.31029774595957 60.59610817469144 56.59597418493934 63.16746003519678
86.54573018028829 75.65388879899248 72.45792504917101 50.89792442399656 44.360226433480484 39.59845582619223 79.48723863359388 61.77420929160136 57.731541679454764 72.31029774595957 60.59610817469144 56.59597418493934 63.16746003519678
86.54573018028829 75.65388879899248 72.45792504917101 50.89792442399656 44.360226433480484 39.59845582619223 79.48723863359388 61.77420929160136 57.731541679454764 72.31029774595957 60.59610817469144 56.59597418493934 63.16746003519678
86.54573018028829 75.65388879899248 72.45792504917101 50.89792442399656 44.360226433480484 39.59845582619223 79.48723863359388 61.77420929160136 57.731541679454764 72.31029774595957 60.59610817469144 56.59597418493934 63.16746003519678
85.83585617051995 72.30052697072718 68.56487557365632 46.74564896742838 41.68470167514665 37.53762815340346 80.9226462643172 59.66695740517156 55.855615927143646 71.16805046742185 57.88406201701513 53.986039884734474 61.01271745639048
84.34573076456401 71.83639686431992 68.491012592033 42.739178046329485 37.8937504672051 34.489896908559246 71.63245223426968 55.44886943858219 51.86844895385387 66.23912034838771 55.059672256702406 51.61645281814871 57.63841514107961
82.92444297340283 71.68013368278167 68.80441268474617 50.939727196476994 44.69002849272544 40.22930163913039 74.83313884609612 58.11582319996168 54.50021815814266 69.56576967199199 58.16199512515627 54.51131082733974 60.746358541495994
83.3776827535771 72.4662271001049 69.4845915538983 47.31608055858052 41.76518781470334 37.44488914604835 74.77154394784978 58.44938422870277 54.44962982176194 68.48843575333579 57.560266381170344 53.79303684056953 59.947246325025226
82.88987749466979 71.78054689488127 68.83250976306853 40.978229384182484 35.76874110487868 31.66560769099842 79.74898520833429 59.796554393861356 55.96602963473425 67.87236402906218 55.78194746454043 52.15471569626706 58.603009063289896
81.06051154710259 70.8360990609277 68.3479515972129 47.77047029332925 41.87574693477873 37.449619958172455 76.60325577985002 60.10036386448875 56.544481201355204 68.47807920676063 57.60406995339839 54.11401758558019 60.065388915246395
83.00859969294466 72.03397308018847 68.78300289436177 41.243780239628826 36.03189274744708 32.79208776671751 71.00997493046592 55.71019244912203 52.24896419405736 65.08745162101313 54.59201942558585 51.27468495171221 56.984718666103745
85.80843312300163 73.95571890278367 69.83865400228959 49.6718572863014 43.57782469828918 39.486395124971395 80.41701962866169 61.737357940172366 57.92556506731542 71.96577001265491 59.756967180415074 55.750204731525464 62.49098064153183
84.94698045233864 74.42000781782501 69.74695160628497 50.36561663286056 44.16593828676044 39.76649598280899 78.86682713370121 60.102639790268405 56.28207847926976 71.39314140630013 59.56286196495128 55.26517535612123 62.073726242457546
81.55030294761353 71.31788054962513 68.76390196905 48.78167604092874 43.09950019090891 39.26986764483653 75.69881327626985 59.254623506147375 56.06830699681781 68.67693075493737 57.89066808222714 54.70069220356811 60.4227636802442
79.81455117538225 68.61566926780365 64.81431674275177 29.920298990557782 26.14113038246653 23.79794630147833 59.65528636088793 46.69755101691714 43.72513387870109 56.46337884227599 47.15145022239577 44.112465640977064 49.242431568549605
81.01610963744396 70.06989251671747 66.09963520296519 32.24862929397469 28.472497489600773 25.10618211520626 69.02266758738612 52.862778513438144 48.916216679611814 60.76246883960159 50.46838950658546 46.70734466592776 52.64606767070493
81.83915361501629 70.30378512101902 66.57325930715635 40.493151237030496 35.29447849237856 31.295201730334053 75.70160462199836 53.82959098145632 50.16794164703576 66.01130315801504 53.14261819828463 49.34546756150872 56.1664629726028
77.70371376876462 67.00809321272926 63.22929600699999 41.32845295670191 36.23553516395614 32.550351276973224 66.40434437561628 50.582890836586515 47.265105750987516 61.8121703670276 51.27550640442397 47.68158434498691 53.58975370547949
76.95108088645149 66.47089495960826 62.45598167231332 37.700342927521305 31.924520884041936 28.380641630079108 61.075780581751275 48.1562504982286 44.29552713207118 58.57573479857469 48.850555447292926 45.0440501448212 50.82344679689627
73.79665811809086 62.5110929961607 59.83318208870446 34.38869962162352 30.48125449923333 27.282985586826385 56.7597549832769 43.160145542266974 39.88435486091113 54.9817042409971 45.384164345887 42.33350751214733 47.56645869967714
76.36376098236686 65.41880162707135 62.67501111441551 32.67835736344524 28.005134261472364 24.707027448160055 60.13097160602725 45.344255475075855 41.909711070772886 56.39102998394645 46.25606378787319 43.097249877782815 48.58144788320081
80.12568525992198 68.27741103859914 63.40021541389933 26.375244659103874 23.091368822764494 21.06883887208339 55.14300900495359 40.254957045347915 37.667948867548326 53.881312974659814 43.87457896890385 40.71233438451035 46.15607544269133
66.1218523896848 57.746979757400815 55.565975648844265 42.04637468873959 37.86479411274915 34.14264652080207 69.63668202071426 48.44226169608771 44.95619793517934 59.268303033046216 48.01801185541256 44.88827336827523 50.72486275224466
82.0006279813337 68.40888588191572 63.024294017605456 29.02712074722925 26.474289004813556 24.424557461705888 57.221218039832166 44.03400314249424 40.69603276590741 56.08298892279837 46.30572600974117 42.714961415072914 48.36789211587083
15.414598486917141 18.262753323037643 19.82336278726659 23.93443451961435 21.558053394848287 19.537592310854937 56.6784366221312 38.651608418247875 35.610347315304416 32.00915654288756 26.1574717120446 24.99043413780865 27.71902079758027
28.122595020743663 27.832032218295467 28.107991634824124 22.339771073392303 21.105794986902584 19.320972289052094 37.53971295356416 28.055365936925714 26.070387665068335 29.33402634923338 25.664397714041254 24.499783862981516 26.499402642085382
22.661262894658876 21.699881587082714 22.848876749395043 0.6384499254053138 0.6177750918879316 0.5756429086259327 0.3826536035836467 0.7085035740486909 0.7009111114317799 7.894122141215946 7.675386751006446 8.041810256484252 7.8704397162355475
62.94253946333712 53.227042661611215 52.001426796340525 5.563071138227505 4.984531878034481 4.499297666990687 43.45813492147671 30.925152478969313 29.249198487534457 37.321248507680444 29.712242339538335 28.583307650288557 31.87226616583578
56.05757038095943 49.74166780897163 46.524302620417565 40.14496228051328 36.67656201717642 33.303014526224345 29.44341668223023 19.65118152595901 18.393795595036572 41.881983114567646 35.35647045070235 32.74037091389283 36.65960815972094
43.271941125796346 42.16521034481272 39.586846586941846 8.400297195567232 6.6512189298650135 5.97761582338745 24.762314077524703 20.742776487922608 19.317684403037173 25.478184132962763 23.186401920866782 21.62738227112216 23.43065610831723
58.95993254209937 50.94874311268725 47.934159956905596 15.925776805085398 13.199127330050423 11.557994138778989 46.06036165888446 34.22216837845512 32.49473077518425 40.31535700202307 32.790012940397595 30.662294956956277 34.58922163312565
37.58564305949977 31.955474470683104 31.25099670407404 23.343300069233003 19.390208412750876 17.341293795091982 58.62245184239689 41.32602113762427 38.42981713104964 39.85046499037656 30.890568007019414 29.007369210071886 33.24946740248928
53.584351530421 47.158824274221026 44.89351015605127 19.11896141729447 17.254157982021628 15.16916661348956 58.093145625808475 39.29808486974381 36.62592000963556 43.59881952450798 34.570355708662156 32.22953225972546 36.79956916429853
51.053246581914415 41.146518515802065 39.18814659662743 18.546960305556034 15.676196120187388 13.947981893046906 51.11301563365529 35.18311313461183 32.64189510920622 40.237740840375245 30.668609256867096 28.59267453296019 33.16634154340084
0.4581384716479618 0.8443752852412347 1.1773878911921125 7.932517305396868 6.917475242706416 6.030129932307896 13.716123761507257 8.404382118486115 7.8044025503263805 7.368926512850695 5.388744215477922 5.00397345794213 5.920548062090249
22.793655617401022 22.144043516321187 21.1157524396918 2.762345654772248 2.8863644683897642 2.556277800236244 22.530154667920943 16.85440893297795 15.788477293144574 16.02871864669807 13.961605639229633 13.153502511024206 14.38127559898397
16.37139987315777 18.33333937200817 19.274187967734715 7.582454648063361 5.106707756707669 4.753275015411432 29.44012321490265 15.44064256236368 14.347249067165862 17.797992578707927 12.960229897026506 12.791570683437337 14.516597719723924
17.59017247697351 13.578232342365942 11.957093817446385 12.93885838022495 10.75674264716838 9.264181764181853 26.757865956445787 16.321960367585834 15.216812039253991 19.09563227121475 13.55231178570672 12.146029206960742 14.93132442129407
0.4406692142241921 0.8958140975356015 1.454978909869289 7.014045265260507 6.691006386395227 6.147109065624949 5.539279120589404 4.294269050580868 4.027077455346409 4.3313312000247 3.9603631781705655 3.8763884769468824 4.056027618380716
18.250487673896778 15.334807782495421 15.805947940202685 6.954212375702945 6.224784124762141 5.9282466764024155 38.34345358475978 26.193823854176664 24.55297873433507 21.182717878119835 15.917805253811409 15.429057783646725 17.509860305192653
26.85365974060164 22.557755515799748 21.660134668361163 2.678646687768951 2.204868050956141 1.8161913828923262 46.012895747352246 30.750298932559005 28.627352860614046 25.18173405857428 18.50430749977163 17.36789297062251 20.351311509656142
9.009779322187542 10.740382466152287 11.87223928019569 13.669621987870507 13.201488780604873 12.141664316008761 20.39135041419412 13.531014401048298 12.650476759646438 14.35691724141739 12.490961882601818 12.221460118616962 13.023113080878723
3.578141423925395 5.861305576043274 6.006447905488432 1.3822217122887872 1.5208322517896538 1.5723247024960276 3.6216729256776796 3.678271582355138 3.587377933047433 2.8606786872972876 3.686803136729355 3.7220501803439645 3.4231773347902026
5.715564429784923 6.0142714584900645 6.729918772988781 0.415114590353936 0.25483975297259903 0.2018991636923065 3.3390838473122653 4.372900585156262 3.953470869589896 3.1565876224837077 3.547337265539642 3.628429602090328 3.444118163371226
1.782136931494651 2.2518230611954024 2.7790361612049064 1.4366497850282787 0.9695898118719668 0.9966979815735064 3.219221596107607 2.189829976990955 2.0281817239046633 2.1460027708768457 1.803747616686108 1.9346386222276921 1.9614630032635485
1.4955689570035104 1.842413082874015 1.978211076413427 6.8999871730657265 6.058459767373439 5.541221247731315 0.9960672557846517 0.7704860264578085 0.8153932738547899 3.130541128617963 2.8904529589017542 2.778275199333177 2.9330897622842986
1.745107874314223 3.0218210646386154 3.5146222752202436 0.011265779841080837 0.011088455617983516 0.011483233692942437 3.332657866567072 1.1352145266793148 1.0770176666166151 1.696343840240792 1.3893746823119713 1.534374391843267 1.5400309714653435
0.481043102228776 0.6608443095610291 0.6574261124177747 0.21774513483801017 0.18125244952103145 0.20501176196036772 0.005197505197505198 0.12887859487498685 0.12045320763703847 0.2346619140880971 0.3236584513190158 0.32763036067172696 0.29531690869294663
0.001115324559446799 0.0021272069772388853 0.0023043108338060125 0.0 0.0 0.0 1.7358271622755974 1.0966515260464724 1.1362188325219467 0.5789808289450148 0.36625957767457046 0.3795077144519176 0.44158270702383423
0.004841493706058182 0.10014174498505003 0.09632592420383461 1.8086766392883509 0.9185403970944285 0.8203635808370847 2.4202658998512794 2.1376360252687765 1.796284793238164 1.4112613442818962 1.0521060557827517 0.9043247660930277 1.1225640553858918
0.17141948434148263 0.22827163857124305 0.2517519135562461 0.003950140449438202 0.005714001788730995 0.007695362923244961 7.701231683838817 5.601480917903126 5.251087558053844 2.625533769543246 1.9451555194210333 1.8368449448444448 2.135844744602908
0.9997649423745967 1.0074470686194479 1.1076536908166956 4.61359532382613 4.234169703766293 4.150552812276043 0.24490468340169855 0.15870664946700588 0.1551708645039418 1.9527549832008084 1.800107807284249 1.8044591225322268 1.8524406376724276
0.2678516470258411 0.4052257344333906 0.507008661700537 2.954438117776386 2.903728782042154 2.748946766638547 1.8839798717654843 1.2589563567507476 1.2242607297365249 1.7020898788559038 1.5226369577420975 1.493405386025203 1.5727107408744012
0.5871778690000397 1.0905461174318443 1.3828295682436837 0.0013646965411145849 0.0009135796174013546 0.005259095607308169 1.420149560624957 0.8228068371704182 0.8598777852818963 0.6695640420553705 0.6380888447398879 0.7493221497109627 0.6856583455020737
0.0 0.0 0.0 0.0 0.0 0.0 0.0 0.0 0.0 0.0 0.0 0.0 0.0
0.13993171351238876 0.13413396306961087 0.08793423584507422 0.10045726751248872 0.09475194722163037 0.06294921025736835 1.7626144782086777 0.4841324433831543 0.48909002050248496 0.6676678197445184 0.23767278455813182 0.21332448886830915 0.3728883643903199
0.0002302237775117414 0.0010063617850884809 0.0020513306034856842 0.0033385265969285557 0.0018170205268258303 0.002092096280473034 0.0003389983728078105 0.0005258729490954986 0.000578448076397215 0.0013025829157493694 0.0011164184203366033 0.0015739583201186444 0.0013309865520682055
0.0 0.0 0.0 0.0 0.0 0.0 0.0 0.0 0.0 0.0 0.0 0.0 0.0
0.0 0.00027779100592091686 0.000357148526167082 0.019946808510638295 0.015737410071942445 0.015737410071942445 0.0 0.0035528185693983892 0.005915759583530526 0.006648936170212765 0.006522673215753917 0.007336772727213351 0.00683612737106001
0.0005982512655315233 0.0008674932913852134 0.0010120169787534263 0.6189375906680233 0.660948044555678 0.5846665750372537 0.49833273406425843 0.11159519869068432 0.10501267419834391 0.37262285866593775 0.25780357884591587 0.23023042207145036 0.28688561986110134
0.5853564357168681 0.35823804989649255 0.3890890437406908 0.20924577554587176 0.1545235149845903 0.17374510464187504 1.202058401114757 0.8176272826395088 0.7737864733857608 0.6655535374591657 0.4434629491735305 0.4455402072561088 0.5181855646296017
0.01945787888507449 0.054018000580466255 0.054279752757753714 0.7897793129943289 0.5136354607596032 0.4204172661666991 1.57492117745111 0.5534239942138099 0.5137202196206997 0.7947194564435045 0.37369248518462644 0.3294724128483842 0.49929478482550504
0.24557623277188012 0.3514917615525407 0.41096361209291954 4.109995464024395 3.7321903350866936 3.117950634193465 0.14390774538402465 0.2184969257399454 0.20099094476742604 1.4998264807267665 1.4340596741263931 1.2433017303512701 1.3923959617348098
0.00022008363178007643 0.0005516674147611155 0.0010216463674517255 0.0 0.0 0.0 0.0007953099436466098 0.0007182761372705507 0.0007182761372705507 0.0003384645251422287 0.00042331451734388875 0.0005799741682407587 0.0004472510702422921
0.0 0.00018576311487591025 0.00018576311487591025 0.0 0.0 0.0001162682541158962 0.0 0.0 0.0 0.0 6.192103829197008e-05 0.00010067712299726881 5.419938709641296e-05
0.0 0.0 0.0 0.0 0.0 0.0 0.0 0.0 0.0 0.0 0.0 0.0 0.0
0.026742173981437783 0.03554957724827056 0.052013743080740596 0.0 0.0 0.0 0.0054974006123959486 0.000674010167924819 0.000674010167924819 0.010746524864611244 0.012074529138731792 0.017562584416221803 0.013461212806521614
0.0 0.0 0.0 0.0 0.0 0.0 0.0 0.0 0.0 0.0 0.0 0.0 0.0
0.0043496059768703315 0.0007947392801024532 0.000885534454102068 0.0 0.0041981528127623844 0.006291946308724832 0.0 0.00010742523203850122 0.00010742523203850122 0.0014498686589567772 0.0017001057749677796 0.002428301998288467 0.0018594254774043416
0.0 0.0 0.0 0.0 0.0 0.0 0.0 0.0 0.0 0.0 0.0 0.0 0.0
0.0 0.0 0.0 0.0 0.0 0.0 0.0 0.0 0.0 0.0 0.0 0.0 0.0
0.001992653174383144 0.00048079469091172604 0.0005365270395692176 0.015462211163494558 0.014684835557231572 0.012137047046733691 0.4174165465138517 0.15375930254672993 0.14172260985514354 0.14495713695057647 0.05630831093162441 0.05146539464714881 0.08424361417644988
0.0004306446750785927 0.0002540682681436502 0.0006350738590898121 0.0 0.0016139444803098771 0.0010963309457681625 0.002952707981701307 0.0018113639881131485 0.0019293948724775647 0.0011277842189266333 0.0012264589121888918 0.0012202665591118465 0.0011915032300757907
0.0 0.0 0.0 0.0 0.0 0.0 0.0 0.0 0.0 0.0 0.0 0.0 0.0
0.0 0.0 0.0 0.0 0.0 0.0 0.0 0.0 0.0 0.0 0.0 0.0 0.0
0.0 0.0 0.00038783741855414206 0.0015274949083503055 0.0014204545454545455 0.002110149820637265 0.0 0.0 1.5565316738630313e-05 0.0005091649694501018 0.0004734848484848485 0.0008378508519766792 0.0006068335566372098
0.0 0.0 0.0 0.0 0.0 0.0 0.0 0.0 0.0 0.0 0.0 0.0 0.0
