95.61571726531947 91.49542834236732 88.52139154788019 46.16537894886769 41.836347287174334 39.13291897987135 85.81636627510996 71.41772084698147 67.63171906227217 75.86582082976571 68.24983215884104 65.09534319667456 69.73699872842711
95.61571726531947 91.49542834236732 88.52139154788019 46.16537894886769 41.836347287174334 39.13291897987135 85.81636627510996 71.41772084698147 67.63171906227217 75.86582082976571 68.24983215884104 65.09534319667456 69.73699872842711
95.61571726531947 91.49542834236732 88.52139154788019 46.16537894886769 41.836347287174334 39.13291897987135 85.81636627510996 71.41772084698147 67.63171906227217 75.86582082976571 68.24983215884104 65.09534319667456 69.73699872842711
95.61571726531947 91.49542834236732 88.52139154788019 46.16537894886769 41.836347287174334 39.13291897987135 85.81636627510996 71.41772084698147 67.63171906227217 75.86582082976571 68.24983215884104 65.09534319667456 69.73699872842711
95.61571726531947 91.49542834236732 88.52139154788019 46.16537894886769 41.836347287174334 39.13291897987135 85.81636627510996 71.41772084698147 67.63171906227217 75.86582082976571 68.24983215884104 65.09534319667456 69.73699872842711
95.61571726531947 91.49542834236732 88.52139154788019 46.16537894886769 41.836347287174334 39.13291897987135 85.81636627510996 71.41772084698147 67.63171906227217 75.86582082976571 68.24983215884104 65.09534319667456 69.73699872842711
95.61571726531947 91.49542834236732 88.52139154788019 46.16537894886769 41.836347287174334 39.13291897987135 85.81636627510996 71.41772084698147 67.63171906227217 75.86582082976571 68.24983215884104 65.09534319667456 69.73699872842711
95.61571726531947 91.49542834236732 88.52139154788019 46.16537894886769 41.836347287174334 39.13291897987135 85.81636627510996 71.41772084698147 67.63171906227217 75.86582082976571 68.24983215884104 65.09534319667456 69.73699872842711
95.61571726531947 91.49542834236732 88.52139154788019 46.16537894886769 41.836347287174334 39.13291897987135 85.81636627510996 71.41772084698147 67.63171906227217 75.86582082976571 68.24983215884104 65.09534319667456 69.73699872842711
95.61571726531947 91.49542834236732 88.52139154788019 46.16537894886769 41.836347287174334 39.13291897987135 85.81636627510996 71.41772084698147 67.63171906227217 75.86582082976571 68.24983215884104 65.09534319667456 69.73699872842711
96.9168364408189 90.50473004135823 87.21377094313452 43.4011486501703 39.96295979886139 37.431433028658155 83.06995847758452 66.38497864981845 63.09582991384703 74.46264785619124 65.61755616334602 62.58034462854656 67.55351621602796
95.79154048393217 90.14161620574195 86.95466121591497 43.13607867990258 39.58251297026608 37.939189445187374 80.5666453248637 64.48143223914154 61.16446815825205 73.16475482956615 64.7351871383832 62.01943960645146 66.6397938581336
94.82992248086629 89.73067452976483 87.15385261081934 40.48287580725254 37.6299745536621 35.64850638894798 84.35448714600454 67.70470401838588 64.07308500257223 73.22242847804112 65.02178436727094 62.291814667446516 66.84534250425287
95.20330688006227 90.79812538457037 88.08808765112744 36.24388502578757 33.69128744619591 31.936281697758346 83.43740590416007 67.44698642609042 63.66094067862299 71.62819927000331 63.97879975228557 61.22843667583626 65.61181189937503
93.12528896682254 87.73578910033096 86.09643824729841 38.97336037429293 36.229761916582795 33.721334414608606 84.11050798294241 68.45134793371575 64.87784324850584 72.0697191080193 64.1389663168765 61.565205303470954 65.92463024278892
94.71353643528548 88.22483604452627 87.15885393792992 38.59322849770816 35.521512808761514 33.66927666640415 83.5623594079691 68.55760899521515 64.9025614806845 72.28970811365424 64.10131928283431 61.91023069500619 66.10041936383158
95.23132720951128 88.75233148735886 86.85804000176664 38.592285511794024 35.56780864966319 34.18946456217855 82.59281685557195 67.77252408973912 63.84033806384104 72.13880985895908 64.03088807558706 61.62928087592874 65.93299293682496
95.39285489983745 90.90620520713948 88.03241667598971 38.67366277616031 36.299472149344716 34.55714475897438 85.64542477599305 69.93756323328313 65.86207923881373 73.23731415066361 65.71441352992244 62.817213557925946 67.25631374617065
94.97553637206985 90.84964759679144 87.61387326116521 42.367274361453966 39.86364724680194 37.45091262965455 84.82106480244764 68.6900841696495 65.43381791123362 74.05462517865716 66.4677930044143 63.499534600684456 68.0073175945853
94.60777573612562 88.21616663418925 87.12663678386232 42.02203172395042 38.85312168878016 36.69700503926143 84.1594470289271 68.665034595642 64.89818993905179 73.59641816300105 65.24477430620381 62.90727725405852 67.24948990775445
94.78239965091818 88.22617144564715 85.0426041255741 40.64625772433861 37.22666281469116 35.4036929154203 76.17873397295615 63.501986175081484 59.582166643136766 70.53579711607098 62.98494014513992 60.00948789471039 64.51007505197377
94.21532496601472 87.25001176652108 85.16011158468284 36.79030729585398 34.63632326579308 32.15360599948076 77.48868155388887 60.43032757302109 56.35583066267501 69.49810460525252 60.77222086844508 57.88984941561287 62.72005829643682
94.02321979296376 87.5020592923895 85.70459045219361 32.12470256027501 29.34042190021039 27.42912603327694 80.53581771269795 60.3967214579205 57.4530624607385 68.89458002197891 59.07973421684013 56.86225964873635 61.612191295851794
93.81407711714938 87.20385736713014 84.41251421967294 35.47180765777234 32.62480601718413 30.444474091568363 79.39236157934647 64.63982288254286 60.79336541946611 69.55941545142274 61.48949542228571 58.550117910235805 63.19967626131476
94.45457601692938 87.30505001991202 84.42872566910337 29.244809859401755 26.98258677883253 25.271090127957113 79.84013868176409 62.29867311985555 58.11037896331286 67.84650818603174 58.86210330620003 55.93673158679112 60.88178102634096
95.10255382234998 87.0845709055985 83.79889686891508 36.02006957384737 32.55685722610557 31.044178021391527 73.26097360059548 58.04387307030068 54.56195599930932 68.12786566559761 59.22843373400158 56.46834362987198 61.27488100982373
93.74069913734908 85.87778050300487 83.57916707317813 44.565671605719835 40.22155964261723 38.10315726490951 74.37075256418517 61.1724234565183 57.62229046123692 70.89237443575136 62.42392120071347 59.76820493310819 64.36150018985768
95.32150218874645 88.25864243498026 84.2081450860975 34.95018980441404 31.51852214293205 30.474368945091946 73.84449560833572 58.03702868991564 54.77069260232377 68.03872920049874 59.27139775594265 56.48440221117107 61.26484305587082
92.75625651150173 84.98081820575985 81.58632138122877 37.87981995952456 36.02401605222222 34.12399284591888 69.57835667508088 50.15158553086467 47.34827615062556 66.73814438203573 57.05213992961558 54.35286345925774 59.38104925696968
94.58450626938483 86.25839903594319 81.57669857897864 32.745235564717525 30.21920947732493 28.660612806477324 69.3779016078518 61.73016719209375 57.75987876871952 65.56921448065138 59.40259190178728 55.99906338472516 60.32362325572127
57.48626320130958 60.047871629711594 60.709833394716114 17.477949481092406 16.40809822785036 15.866163857977119 66.71511820219203 49.97766248545676 46.93080541495876 47.22644362819801 42.144544114339574 41.16893422255066 43.51330732169609
72.74646301816546 66.41666026713744 64.20969018334957 15.836455514363406 15.336221777323875 15.012842765964681 49.351973761244686 40.454627068658375 37.83990610693261 45.97829743125785 40.7358363710399 39.02081301874895 41.911648940348904
73.49135098783523 61.97241090365797 60.75663238699477 1.704924703402367 1.8281006690341581 1.9771126174250653 0.6346204456069074 1.1661662237317987 1.1275682962268458 25.276965378948173 21.65555926547464 21.287104433548894 22.739876359323905
88.92765685512414 77.75152362707394 77.06466336040701 10.250578700945317 9.181803532059924 9.295559331316367 51.96496456592876 36.70558763925717 34.93613603723833 50.381066707332735 41.21297159946368 40.43211957632057 44.00871929437233
90.39961071520119 82.91120003929373 79.68092303886235 35.934467215425 34.211459830262235 32.77273162200099 66.42122860768518 45.34483475970625 42.735944914795674 64.25176884610379 54.15583154308741 51.72986652521967 56.71248897147029
82.9377864820611 76.93828074373013 73.00493220048756 8.496754176327348 7.153520746930145 6.9745057372589265 32.7132020527059 26.639670961138556 25.493443075085143 41.38258090369811 36.91049081726627 35.15762700427721 37.81689957508054
93.65169428519454 84.11410633830776 81.50725816431785 23.695987792203884 20.961012699065304 19.61561220288553 51.966266222652834 39.51247515091519 37.55162348008217 56.43798276668375 48.195864729429424 46.22483128242851 50.28622625951389
79.58129171848523 67.8420591413629 66.1134951626431 29.203008997573566 26.57712156359474 26.087390498711176 74.51497665122801 54.660429378456456 51.14952547209336 61.099759122428935 49.693203361138025 47.78347037781588 52.85881095379428
88.45396194361813 79.38657114421687 76.0045429765081 25.38216892699692 23.58204664489879 21.97955028351716 73.66449440852618 57.76568247536182 54.148547638381885 62.500208426380404 53.578100088159154 50.710880299469046 55.596396271336204
90.13889478072599 76.28678994939632 73.34068466255704 31.49022897890072 27.46726294259546 25.69956393426892 70.9156285674424 55.65309187321468 52.630830076798894 64.18158410902304 53.135714921735484 50.55702622454162 55.95810841843338
15.976341552648776 15.34768585233033 17.87710341108789 20.989656276889875 18.025414699013403 16.34613428556289 19.449056252695346 14.597381088316652 13.639472601922737 18.805018027411332 15.990160546553462 15.954236766191173 16.91647178005199
65.26712392529944 57.13336457390169 55.34247584707026 29.37796277384976 26.91122375801293 25.080674641028395 31.99498771650071 27.331209769314107 25.734133087338584 42.21335813854997 37.12526603374291 35.38576119181241 38.2414617880351
67.41335204886967 60.87440937671956 59.0922707837024 15.08043490656116 11.43161076046698 11.356107642859097 42.829091152342684 32.87073160042217 30.45386588977554 41.774292702591175 35.058917245869566 33.63408143877901 36.82243046241326
49.15804408776373 38.315466515097775 33.88062108986728 12.780500098448897 11.900448268192477 10.968009603120747 34.28999479711328 21.915461496479836 20.821152331013888 32.07617966110863 24.043792093256695 21.889927674667305 26.003299809677547
12.900193369566024 16.439835014744965 18.526415388246427 10.230704908354282 10.050814349624684 10.024255247635983 8.33896876632981 7.842331510889544 7.229639863393081 10.489955681416705 11.444326958419731 11.926770166425165 11.287017602087197
74.91595208701163 58.08217312514748 55.835612833914915 10.010078755654225 9.232365373765663 9.423535076521837 49.806002927370514 35.67301441878075 33.783688174794044 44.91067792334545 34.32918430589796 33.01427869507693 37.41804697477345
73.04411075337694 61.18153836980233 58.99902216008527 17.055081481020224 15.344679535583783 14.209488328882113 39.083691259262956 27.478328725966538 25.45497634422401 43.06096116455337 34.66818221045089 32.88782894439713 36.872324106467126
52.494839095128455 48.25300324569356 48.51432896664232 9.763027840497626 9.22950406097294 8.741860454349995 46.606967170691625 32.21072553238057 30.583269699141656 36.28827803543924 29.89774427968236 29.279819706711322 31.821947340610976
17.966411886284547 23.10931146335283 24.182044500537284 1.750547028354 1.8725992612177216 1.9187683707196412 9.39873968803572 11.249063416332572 10.113345075342798 9.705232867558088 12.076991380301044 12.071385982199907 11.284536743353012
38.78980688328358 36.41550276900819 38.567304427597456 5.724964235306107 4.892805888230562 5.045558281816611 10.426890409992236 10.555670023037603 10.263593110542605 18.313887176193976 17.287992893425454 17.958818606652226 17.853566225423883
8.883123353379874 11.485938604914345 13.274806264351694 2.544833933709294 1.78089443080655 1.8903435591352915 5.387053114895611 3.79323369790125 3.6102014138636647 5.60500346732826 5.686688911207381 6.258450412450216 5.850047596995285
24.45995246809336 20.367239359360852 20.14002850891284 8.147541578774137 7.487432908598055 7.350024107156115 12.63993987647232 8.282440619829675 7.650864486033843 15.082477974446604 12.045704295929527 11.713639034034268 12.9472737681368
12.280253812909418 18.725368048765358 21.03930686590197 0.21037481803285077 0.2679152175095838 0.2918478279561633 6.555567437069901 5.161153856965219 4.721390280805336 6.348732022670723 8.051479041080052 8.684181658221156 7.694797573990645
13.312591969733731 13.66821009863565 13.942710468400454 0.9317065127936066 0.8444154932788763 0.9007109126793503 0.2503849948018379 1.6648767933438946 1.6250811841569186 4.831561159109725 5.39250079508614 5.489500855078908 5.237854269758257
0.03264989154667318 0.02835489229515189 0.035929605184592796 0.024121479391855164 0.026892106594412754 0.03398067435242078 10.784138601895654 7.350245002551007 7.096988102146207 3.6136366576113943 2.4684973338135237 2.38896612722774 2.8237000395508858
0.8838259076769137 2.5768723301087992 2.731917391345907 2.176272413547657 1.291777067118557 1.2890193987684835 13.260486030701339 10.708776306141868 10.000474386503665 5.440194783975303 4.859141901123075 4.673803725539352 4.99104680354591
2.790601697780503 4.755990627105703 5.3590710382563325 2.0367962011919616 1.8702325307408765 1.6721652869931234 13.57835707808331 10.502216639926312 9.78095537461272 6.13525165901859 5.7094799325909635 5.604063899954059 5.816265163854537
13.797951317564722 13.424460562970944 14.000111879766738 7.065379524992228 6.202886823750429 6.413932257632489 0.47983341343989533 0.39885170704972867 0.38731142777724537 7.1143880853322825 6.675399697923702 6.933785188392157 6.907857657216047
8.394265914739822 10.000489772630248 10.364960095694594 2.7738902855180445 3.310713550562552 3.4896812046980847 5.877892147990966 4.693027520340409 4.5194286301057875 5.682016116082944 6.001410281177736 6.124689976832822 5.9360387913645
18.22895329901887 21.19651849947457 24.218619137784543 0.13235106994835494 0.17674689472130983 0.1940155592128245 5.223237383638227 3.5594439300872893 3.418690701914055 7.861513917535151 8.31090310809439 9.277108466303808 8.483175163977783
0.0010476104879095748 0.0011480230044848604 0.001273107622969414 0.04506945717834917 0.047432520732577775 0.05347378143938367 0.0 0.0 0.0 0.015372355888752914 0.01619351457902088 0.018248963020784364 0.01660494449618605
10.110641964077335 10.121948698899146 8.694975223856497 0.1632508665609998 0.2120957970588919 0.2576192490147279 6.599689310165655 3.8673208476268277 3.7139817318996777 5.624527380267996 4.733788447861621 4.222192068256967 4.86016929879553
0.0022979279227839065 0.11334186342866281 0.2725762692251616 0.007186452219448728 0.006321575374577102 0.007592870059328802 0.022273842865987836 0.6250221655797925 0.603552286044162 0.01058607433607349 0.24822853479434415 0.2945738084428841 0.18446280585776725
0.0 0.00016171943174815763 0.0005561956542795485 0.0 0.0 0.0 0.0 0.0 0.0 0.0 5.390647724938587e-05 0.00018539855142651616 7.976834289196736e-05
0.0005223120577929801 0.002960907748175147 0.0038024134390100993 0.009944558290605806 0.007071715823661272 0.00724790115593978 0.00023716321498087978 0.0784430341605704 0.09468674749762372 0.003568011187793222 0.029491885910802273 0.0352456873641912 0.02276852815426223
0.05380700540605902 0.18828448793725747 0.31645936885620757 0.7415307650692375 0.7820763784093586 0.8262095970585572 1.9146340856814401 0.49278773910399215 0.4857277362529883 0.9033239520522455 0.4877162018168694 0.5427989007225844 0.6446130181972332
6.944729370183985 4.679194516915517 5.543684202091796 1.3282503127186656 1.0372801278646708 1.2024861823802264 4.998784943322694 3.20713186629545 2.997947895924293 4.423921542075115 2.9745355036918792 3.2480394267987713 3.5488321575219217
0.9694152476261896 1.6100308983695184 1.8856007294205506 1.2680881789485166 1.0081981268567164 0.9880453238843403 6.404078029663926 4.434773415845434 4.5907509025055315 2.880527152079544 2.3510008136905562 2.488132318603474 2.573220094791191
7.372222718238196 9.343268912859326 11.0863405002497 11.748323256478898 9.573584613879888 8.889308624067555 1.7485721688076432 2.4291777685474893 2.2339104029830317 6.9563727145082455 7.1153437650955675 7.403186509100095 7.158300996234636
0.05806908703485138 0.11115316981480133 0.3511957184856867 0.00923892379715526 0.009223682201700873 0.010856398383780906 0.0025531473030896224 0.0022238501441178 0.002575313464460971 0.023287052711698755 0.04086690072020667 0.1215424767779762 0.061898810069960536
0.00040697333761455603 0.0009998260907022913 0.005062240510477295 0.00108530199948271 0.0012984672850701738 0.002299585293521272 0.0 0.0014918066509310198 0.0015393420267770701 0.0004974251123657554 0.0012633666755678284 0.0029670559435918792 0.0015759492438418207
0.0 0.0 0.0 0.0 0.0 0.0 0.0 0.0 0.0 0.0 0.0 0.0 0.0
2.161778617565554 2.417849977204617 3.101766164885698 0.0 0.0 0.0 0.06985199073724134 0.04695074142479945 0.05338928185634484 0.7438768694342651 0.8216002395431389 1.0517184822473478 0.8723985304082504
0.0 0.008606912765905169 0.010752682229653764 0.0 0.01362552295797748 0.01362552295797748 0.0 0.0 0.0 0.0 0.007410811907960883 0.008126068395877081 0.005178960101279321
0.2047595157488297 0.23795101704807156 0.2601605533589186 0.0008257391699322943 0.0008660635622683927 0.001073071713036145 0.006139237830279448 0.009142991161439296 0.007552108882726424 0.07057483091634714 0.08265335725725975 0.0895952446515604 0.08094114427505576
0.02204229175673033 0.015467459163257785 0.018038661393640767 0.0 0.0 0.0 0.0 0.0 0.0 0.007347430585576777 0.005155819721085929 0.006012887131213589 0.006172045812625431
0.0 0.0006700979602534805 0.001579800213679989 0.0023674811082033823 0.002810803065864694 0.0032455099766842484 0.0 4.5048098764829776e-05 0.00024179527987984112 0.0007891603694011274 0.0011753163749610015 0.0016890351567480262 0.0012178373003700516
0.3913273419320149 0.4800203700544371 0.44726515094922664 0.08069453554864306 0.07113225589754871 0.0659336120239736 5.5302057015634025 2.8757216111915636 2.827488812772078 2.00074252634802 1.1422914123811831 1.113562525248426 1.4188654879925433
0.00702230013040244 0.011274496393630382 0.03536632231093772 0.00435406785672095 0.005482191114636315 0.007238330983705304 0.04641360794212515 0.02836532270552395 0.02922520963458765 0.019263325309749512 0.01504067007126355 0.02394328764307689 0.019415761008029983
0.00019427024714542085 0.00046432207052156437 0.0006674804656019932 0.0 0.0 0.0 5.431803110007837e-05 0.0001240827932538807 0.0001240827932538807 8.28627594151664e-05 0.00019613495459181503 0.0002638544196186246 0.00018095071120853535
0.0 1.0066267499942734e-05 7.250703582753335e-05 0.0 0.0 0.0 0.0 0.0 0.0 0.0 3.3554224999809112e-06 2.4169011942511116e-05 9.174811480830676e-06
0.0018604244163412064 0.0041052541673193355 0.01799202487689641 0.13197494013720099 0.14541490445608884 0.2243967943993759 0.0044828876651493614 0.01318542099756927 0.014258890724892438 0.04610608407289719 0.05423519320699249 0.08554923666705493 0.06196350464898152
