92.04135072164046 87.71036078151727 84.98904853245664 56.97360545803662 50.530107416128885 46.423945995196206 82.65593613749796 64.90073300564987 61.17107746842898 77.22363077239169 67.71373373443201 64.19469066536061 69.71068505739476
92.04135072164046 87.71036078151727 84.98904853245664 56.97360545803662 50.530107416128885 46.423945995196206 82.65593613749796 64.90073300564987 61.17107746842898 77.22363077239169 67.71373373443201 64.19469066536061 69.71068505739476
92.04135072164046 87.71036078151727 84.98904853245664 56.97360545803662 50.530107416128885 46.423945995196206 82.65593613749796 64.90073300564987 61.17107746842898 77.22363077239169 67.71373373443201 64.19469066536061 69.71068505739476
92.04135072164046 87.71036078151727 84.98904853245664 56.97360545803662 50.530107416128885 46.423945995196206 82.65593613749796 64.90073300564987 61.17107746842898 77.22363077239169 67.71373373443201 64.19469066536061 69.71068505739476
92.04135072164046 87.71036078151727 84.98904853245664 56.97360545803662 50.530107416128885 46.423945995196206 82.65593613749796 64.90073300564987 61.17107746842898 77.22363077239169 67.71373373443201 64.19469066536061 69.71068505739476
92.04135072164046 87.71036078151727 84.98904853245664 56.97360545803662 50.530107416128885 46.423945995196206 82.65593613749796 64.90073300564987 61.17107746842898 77.22363077239169 67.71373373443201 64.19469066536061 69.71068505739476
92.04135072164046 87.71036078151727 84.98904853245664 56.97360545803662 50.530107416128885 46.423945995196206 82.65593613749796 64.90073300564987 61.17107746842898 77.22363077239169 67.71373373443201 64.19469066536061 69.71068505739476
92.04135072164046 87.71036078151727 84.98904853245664 56.97360545803662 50.530107416128885 46.423945995196206 82.65593613749796 64.90073300564987 61.17107746842898 77.22363077239169 67.71373373443201 64.19469066536061 69.71068505739476
92.04135072164046 87.71036078151727 84.98904853245664 56.97360545803662 50.530107416128885 46.423945995196206 82.65593613749796 64.90073300564987 61.17107746842898 77.22363077239169 67.71373373443201 64.19469066536061 69.71068505739476
92.04135072164046 87.71036078151727 84.98904853245664 56.97360545803662 50.530107416128885 46.423945995196206 82.65593613749796 64.90073300564987 61.17107746842898 77.22363077239169 67.71373373443201 64.19469066536061 69.71068505739476
93.066276981449 87.8709114846235 84.76679046678092 55.68706211080456 50.4955735886523 46.31644982329856 82.46645913277403 61.952579338460176 58.53017878175868 77.0732660750092 66.77302147057866 63.20447302394606 69.01692018984463
91.39585639556998 86.65346118269177 83.8824211858862 51.066380753008424 45.45490502428155 42.66772255012506 78.149303381943 60.893298141276816 57.578254703242514 73.53718017684047 64.33388811608337 61.37613281308459 66.4157337020028
91.07561130449122 85.97351132509064 83.42472424135367 57.08288812854596 51.24283776214686 46.950270227163834 76.88482573918319 60.25179704438891 56.88106077831407 75.01444172407345 65.82271537720881 62.41868508227719 67.75194739451983
91.64452293884486 87.3041314842328 84.76003714445103 54.33089538461093 48.7865009483153 44.705760495848814 79.74278013390699 63.358627262747646 59.91165924883494 75.23939948578759 66.48308656509857 63.125818963044935 68.28276833797702
90.30035130030392 84.89142691434934 83.32327752248571 51.456466794119095 45.53178191790706 41.32127260622605 83.0409159054881 64.30946739532818 60.616296323359094 74.93257799997038 64.91089207586153 61.75361548402361 67.19902851995184
91.64249344343054 86.48106778773112 84.44971397739461 55.52031448577479 49.36641241946869 44.879907230278114 80.63417143768602 63.93338655147998 60.0241319390612 75.93232645563045 66.59362225289325 63.11791771557797 68.54795547470057
92.03212062974583 86.82282756776773 84.38685137112623 47.77733160255068 43.126793737080874 40.26517910488431 73.84660781603442 59.58557675145732 55.900266783492306 71.21868668277698 63.178399352101984 60.18409908650094 64.86039504045996
91.56532340250486 87.24145143981235 84.5477500155603 56.783890854398386 50.55076827749004 47.17508803711902 83.11960465576892 64.58827391538303 60.4508611704205 77.15627297089073 67.46016454422848 64.05789974103327 69.55811241871749
91.49124250164921 87.46817425789865 84.51079933672268 57.79162867415748 52.177100707477855 48.014588514528754 83.25804054965855 64.54466283391659 60.76329972670668 77.51363724182174 68.06331259976436 64.42956252598604 70.00217078919073
91.44456181603833 86.65823710992893 84.62045412609227 54.77525063892508 49.22930145774746 45.69526965907157 82.33950194366348 65.17988171431988 61.222395743193324 76.18643813287564 67.02247342733209 63.84603984278572 69.01831713433116
90.88686490950447 84.93955434742476 81.95081555485937 44.93210146161313 40.32828581963126 37.04096070872552 66.97003287260169 56.16728159817186 52.28807459146372 67.59633308123976 60.47837392174262 57.09328361834954 61.72266354044397
89.78585498483771 83.59992683377652 80.84724979113578 46.791018481150886 41.378021125127 36.94796651698406 72.13294419885888 55.94689395283906 51.9979804338721 69.56993922161583 60.30828063724753 56.59773224733065 62.15865070206467
89.99592637073945 83.86086213464506 81.95120190652455 53.62640667960476 46.93752634987599 42.66152176717347 80.50736716570131 59.3263508722618 55.6392661436805 74.70990007201517 63.374913118927616 60.083996605792834 66.05626993224521
89.70345795147189 83.46684732896527 80.9915461475596 50.26435140586499 45.186293438506375 41.71247973794201 74.56632604753845 58.75649771156402 54.7935855778831 71.51137846829177 62.46987949301189 59.165870487794905 64.38237614969951
90.94258109849824 84.23094046246217 81.58726335023225 47.78667840061392 41.481173171915074 37.487893824144024 74.24539590448171 57.796851065373225 53.91944513871037 70.99155180119796 61.16965489991682 57.664867437695555 63.27535804627011
89.12345848980813 83.86443400500093 81.4704137882691 47.136253391658315 41.05687305222167 37.58665817571413 63.509046677543424 52.29902240316069 48.86565743683086 66.58958618633663 59.073443153461106 55.974243133604695 60.54575749113414
89.2332743304708 82.6270417532473 80.44216383331332 45.925908492531164 39.87681818541381 35.94013102829695 67.36379440471234 55.710697090653724 51.907768094718044 67.50765907590477 59.40485234310495 56.09668765210944 61.00306635703971
91.24715315655098 84.85860546276284 81.24849263835635 43.41515043714151 38.115240210871946 35.59476232645383 66.86017935398073 51.81147287034096 48.502706305633744 67.17416098255774 58.261772847991914 55.11532042348131 60.183751418010324
89.52972144195567 83.28563500502293 80.34019783936081 48.00102185073197 43.58351710393714 39.9015515927999 73.43260502500154 52.36007960160235 48.88180870786415 70.3211161058964 59.74307723685414 56.37451938000828 62.146237574252936
91.28979267827297 85.15348274040181 81.39680920095189 42.84041874038012 39.04426059211886 36.32464020765213 65.24648642890695 51.71882147976914 48.18542580180557 66.45889928252001 58.63885493742993 55.3022917368032 60.133348652251044
81.8595682134269 74.42692527056502 71.92998001409869 42.30830700920537 37.34626198052787 34.87624887549941 64.26917507298977 48.70026928885241 45.26779617633139 62.81235009854068 53.49115217998176 50.691341688643156 55.6649479890552
89.08874918853193 79.06989339263465 74.3223474113934 41.67990656660368 36.67944173318439 33.57300653291288 47.05023738498105 35.44540150341085 33.204225541092256 59.27296438003889 50.398245543076634 47.03319316179951 52.234801028305014
60.193296904894666 60.77779015074989 60.689745279009735 1.1336217267996818 1.1410278108889556 1.195458171813287 0.650378527123985 1.4150857529967718 1.3153968605710653 20.659099052939442 21.111301238211873 21.066866770464696 20.945755687205338
87.2099777363754 77.07340327137831 75.31023479118032 24.595472096174127 21.30825249743607 19.785019168656145 46.29948640150604 34.102302928119464 32.43062092141628 52.701645411351855 44.16131956564462 42.508624960417585 46.457196645804686
86.97458738337845 80.10244089703772 77.63870383600337 51.123664148096516 46.64246024541754 43.31288168067111 60.60934180842629 40.900821573521895 38.25491508731374 66.23586444663376 55.88190757199239 53.06883353466274 58.39553518442963
87.33338844181068 78.41975605416087 74.47530610245596 10.588738257387849 8.602063752522186 8.118763215597404 28.573573093296233 24.346568804664763 22.831563937570127 42.16523326416492 37.122796203782606 35.141877751874496 38.14330240660734
85.20750700844579 78.2530915699026 74.81873160763267 29.535284777075997 26.002413334204455 23.749624816257953 50.72390361979492 38.06086592222045 35.9924155661077 55.15556513510557 47.4387902754425 44.853590663332774 49.149315357960276
84.62015097836534 77.31373268579654 75.2588970487124 42.43949984396905 36.06037989949062 33.21166560947937 64.46622668033754 47.605820969377355 44.08149717876545 63.84195916755731 53.659977851554835 50.85068661231907 56.11754121047707
86.31654199348824 79.56548351845893 76.16367971410173 39.08031725999517 34.77625421208922 31.13052883715406 69.41935565620827 54.31194112824975 50.58427610155915 64.93873830323055 56.21789295293263 52.62616155093831 57.927597602367165
87.60001751333955 75.40979086816175 71.14907948373431 35.39182910539773 30.180933153946178 27.180995070773793 63.20344956873172 48.242384544179316 45.409240126792824 62.06509872915634 51.277702855429084 47.91310489376698 53.75196882611747
36.00640839271558 32.12589883831462 34.02759458764864 14.82555801087182 13.102691365427589 11.34550649740717 21.620980815363076 17.212000189902323 15.920649141325516 24.150982406316825 20.813530131214844 20.431250075460444 21.798587537664037
72.03529382882657 62.31064517816394 60.737012429722 18.650260478209784 17.027537916296783 15.097386345836233 32.93840913125884 26.80281498952408 25.338667371865043 41.20798781276506 35.3803326946616 33.72435538247442 36.770891963300365
67.45241140779355 63.441514723712565 60.731796718027006 19.763198929365117 15.162628931394625 14.058844324635606 40.63131381905701 29.951704186009458 27.28541158434367 42.615641385405226 36.185282613705546 34.02535087566876 37.60875829159318
82.3061516620667 65.25273982817181 56.75916139341899 22.582277146253656 19.604807326442725 17.47226680863381 34.026703932859554 22.425741783759563 21.234753209411025 46.305044247059975 35.761096312791366 31.82206047048794 37.96273367677976
65.05432272792987 58.81020931086432 56.883648813517496 25.306067414789446 23.941134591692595 22.572543940116585 9.497436037772694 8.288213815811215 7.492776435465159 33.28594206016401 30.346519239456047 28.98298972969975 30.871817009773267
75.68636785125834 64.59869691916796 61.61119289547226 15.568952718270907 14.15536183487449 14.294098807696962 45.29282493991762 31.98285899056218 30.118617075385647 45.51604850314896 36.91230591486821 35.34130292618495 39.256552448067374
80.49262226032907 68.39486047572908 64.76868185983362 22.13261982666391 19.24612273906965 16.882458961687504 50.24686994348691 34.10871701744943 31.767635311250793 50.95737067682663 40.583233410749386 37.80625871092397 43.11562093283333
75.87397320766033 66.78154313371788 64.33912841966108 24.263877982907616 22.066893982460787 21.004801874335516 45.43938037863337 31.28199596957531 29.952498257120364 48.525743856400446 40.04347769525132 38.43214285037232 42.333788134008024
26.679899628915564 37.17082916562814 36.29630968550251 3.409632405689294 3.598569914243402 3.4703286157997546 6.636309633633039 9.204207648025294 8.440155899234476 12.241947222745965 16.657868909298944 16.068931400178915 14.989582510741274
49.35628068566504 43.7585867710149 45.358750152382385 8.87683941958274 7.241688937090923 6.1882314605100115 10.14884228343034 12.172396858791412 11.441426943442986 22.793987462892705 21.057557522299078 20.996136185445128 21.61589372354564
19.925258799306473 22.761648446937148 24.557385214194817 4.765829101472223 3.227215277929698 3.4455781089274837 5.903944107789839 4.625811421052546 4.305872678458885 10.19834400285618 10.204891715306465 10.769612000527061 10.390949239563234
28.910427121349088 26.47000946146386 25.269111113467353 14.365500876256181 12.71495688151781 12.435599650326749 29.550737456452424 17.77251874214479 16.49220574897516 24.275555151352563 18.98582836170882 18.065638837589756 20.442340783550375
48.56888807540175 51.578385810492634 50.33567087258797 0.38063710104070775 0.5363545940677107 0.5019124813497862 4.854392767958073 3.044302700228955 2.8649323686724957 17.934639314800176 18.38634770159643 17.900838574203416 18.073941863533346
31.748338764358365 30.94491215579605 29.81971747533491 1.6144481987933132 1.6093749008666565 1.622652769640366 0.5122564059224681 2.15111537723897 2.126074413451789 11.291681123024716 11.568467477967227 11.189481552809022 11.349876717933654
8.649213328793465 7.620571001735679 7.092959554444457 0.4061364479050798 0.4849094270947684 0.611662721027038 6.44362523464892 4.025252616196452 3.9469842113690765 5.166325003782489 4.043577681675633 3.883868828946857 4.364590504801659
5.484812871503356 8.290666538620675 7.724252208661822 3.931840999103404 2.151566917910256 1.9714224202220263 8.824809926525006 6.737648640731077 6.338626205504834 6.080487932377255 5.726627365754003 5.344766944796227 5.717294080975829
52.406569578028716 49.99759124085874 47.60457958146067 0.0773669354123428 0.15300471062917395 0.16769755259320013 23.578261218493136 16.232660069980042 15.198182307714198 25.35406591064473 22.127752007155987 20.990153147256024 22.823990355018914
69.37517498211079 55.644126350401926 49.53083491125596 10.883354839239942 9.997940678489073 9.689719804219585 1.0079922002132333 0.69727244568512 0.6737983301158161 27.08884067385466 22.11311315819204 19.964784348530454 23.05557939352572
46.56017554214394 41.075487196962115 38.259050954036425 6.874158564688875 7.3447375016773915 7.499051337484386 7.345568306398705 4.979344706121642 4.796909910257363 20.25996747107717 17.79985646825372 16.85167073392606 18.303831557752318
14.592659553212837 19.812131677746216 23.06959016794688 2.889526312751427 1.7592030660054718 1.6696091244314135 5.756828231981309 4.2732562707695685 4.126109006211638 7.7463380326485245 8.614863671507086 9.621769432863312 8.660990379006307
0.0029463759575721863 0.0037261090654041734 0.002725342819438866 0.09502923976608187 0.10112359550561796 0.10650224215246636 0.01282051282051282 0.014591439688715954 0.014591439688715954 0.036932042848055624 0.03981371475324603 0.04127300822020706 0.03933958860716957
9.155761924698028 10.303050381859368 8.748657262936712 2.097133108998914 1.8193895545338616 1.703689364072982 4.709243917469645 3.7755145653809783 3.495932983898192 5.320712983722196 5.299318167258069 4.649426536969295 5.08981922931652
0.08077429497706651 1.838548041254063 2.578725754282165 0.004270013366998366 0.004956274643698923 0.006173250542413699 0.014686837468134501 0.05363349213046705 0.04866136103713447 0.033243715270733123 0.6323792693427429 0.8778534552872378 0.5144921466335712
0.0 0.00036023631502265493 0.0004402747314324138 0.0 0.0 0.0 0.0 0.0 0.0 0.0 0.00012007877167421831 0.00014675824381080461 8.894567182834098e-05
0.017484377161089793 0.11947498554427258 0.12160284042664529 0.01943634596695821 0.01595259799453054 0.018474726574046703 0.0017722117202268433 0.00289504158332456 0.0034206925586780334 0.01289764494942495 0.0461075417073759 0.04783275318645667 0.03561264661441918
0.9532580847522318 2.202978437711584 2.4959387244959426 2.3936198957432855 2.5948786202683394 2.354939707314578 3.8428615698226523 0.9758155156939228 0.9811753141797941 2.3965798501060562 1.924557524557949 1.944017915330105 2.0883850966647035
7.921823317750129 5.14015657588134 5.8394214550208785 1.0699335767273614 0.8178800692259995 0.9383846886323299 5.279942525145263 3.7591394644105347 3.5939395627877526 4.757233139874251 3.2390587031726246 3.457248568813654 3.8178468039535094
3.6743915872346844 5.292021851508951 6.152256520151326 5.405661082785693 3.955695026648472 3.7152319321148535 12.031922669937057 7.648514944453464 7.372235491587757 7.037325113319144 5.6320772742036285 5.746574647951313 6.1386590118246955
12.324723422428718 11.84811680305713 12.556315236323304 11.090429041307564 10.427603652249898 9.478356604201782 1.9672541310563407 1.6735334416707472 1.6461606828178692 8.460802198264208 7.983084632325926 7.8936108411143175 8.112499223901484
0.3394768079758895 0.494313732379409 0.9016787467481514 0.024199553239017124 0.023062730627306273 0.023062730627306273 0.012079753173369089 0.007164683358840643 0.0070183484126091055 0.12525203812942523 0.17484704878851864 0.3105866085960222 0.2035618985046554
0.0007310758856769332 0.006652863307538405 0.010568722836776807 0.0004824764551489887 0.0004205155520668339 0.0007692845653542205 0.0020380434782608695 0.0012110202845897668 0.0012110202845897668 0.0010838652730289305 0.002761466381398335 0.004183009228906931 0.0026761136277780656
0.0 0.0 0.0 0.0 0.0 0.0 0.0 0.0 0.0 0.0 0.0 0.0 0.0
3.6716235756437112 3.4212420467483335 4.101443677012342 0.034122612862720704 0.03207993608727892 0.031168823134512684 0.09158232062735859 0.05129090761893606 0.04527155881963145 1.2657761697112635 1.1682042968181827 1.3926280196554952 1.2755361620616474
0.0 0.01026694045174538 0.020449897750511252 0.0 0.0 0.0 0.0 0.0 0.0 0.0 0.0034223134839151265 0.006816632583503751 0.003412982022472959
2.41960057115116 2.428782723815685 3.0677343328078264 0.0007538635506973237 0.000876536861296807 0.0012840816675940589 0.021391336958982952 0.01796619129613612 0.015621807977237482 0.81391525722028 0.815875150657706 1.0282134074842193 0.8860012717874017
0.015169902912621358 0.02542226818338504 0.031100886162235858 0.4411764705882353 0.4411764705882353 0.4411764705882353 0.0 0.0 0.0 0.15211545783361888 0.15553291292387345 0.15742578558349038 0.15502471878032756
0.0 0.002936064264574623 0.00551410202261955 0.0044365572315882874 0.0034851301115241635 0.004644681839294008 0.0 0.0014585764294049008 0.0014585764294049008 0.0014788524105294291 0.0026265902685012293 0.0038724534304394862 0.0026592987031567143
6.515271077944355 5.351138645278523 4.454524178069963 0.42749111190010913 0.3509164831422247 0.37578602870347527 6.372944843981256 2.6963146416015937 2.650857240414266 4.4385690112752405 2.799456590007447 2.4937224823959014 3.2439160278928627
0.009205621299218718 0.014436563701581001 0.032015999387487976 0.0025035049068696177 0.0011286172181842805 0.0010384215991692627 0.09146168218681582 0.06649527154446848 0.06898417074919949 0.03439026946430138 0.027353484154744586 0.03401286391195224 0.031918872510332735
0.0 0.000416935937793158 0.0007295466388744138 0.0 0.0 0.0 0.0 0.0 0.0 0.0 0.00013897864593105267 0.00024318221295813796 0.00012738695296306355
0.0 0.0 0.0 0.0 0.0 0.0 0.0 0.0 0.0 0.0 0.0 0.0 0.0
0.001740866255048512 0.003140650199473729 0.0063157002373686 0.01117538785169603 0.013061728992501704 0.02067463641180957 6.253595817595116e-05 3.1131505706405e-05 5.447962617637078e-05 0.004326263354973498 0.005411170232560612 0.009014938758451514 0.006250790781995207
0.0 0.0 0.0 0.0 0.0 0.0 0.0 0.0 0.0 0.0 0.0 0.0 0.0
