95.63612905366374 91.75843035639446 88.92832362022831 65.18459483084787 59.845156150553926 56.51371504386995 86.80686471563794 73.66929640273396 69.99593125604918 82.54252953338319 75.09096096989411 71.81265664004916 76.48204904777549
95.63612905366374 91.75843035639446 88.92832362022831 65.18459483084787 59.845156150553926 56.51371504386995 86.80686471563794 73.66929640273396 69.99593125604918 82.54252953338319 75.09096096989411 71.81265664004916 76.48204904777549
95.63612905366374 91.75843035639446 88.92832362022831 65.18459483084787 59.845156150553926 56.51371504386995 86.80686471563794 73.66929640273396 69.99593125604918 82.54252953338319 75.09096096989411 71.81265664004916 76.48204904777549
95.63612905366374 91.75843035639446 88.92832362022831 65.18459483084787 59.845156150553926 56.51371504386995 86.80686471563794 73.66929640273396 69.99593125604918 82.54252953338319 75.09096096989411 71.81265664004916 76.48204904777549
95.63612905366374 91.75843035639446 88.92832362022831 65.18459483084787 59.845156150553926 56.51371504386995 86.80686471563794 73.66929640273396 69.99593125604918 82.54252953338319 75.09096096989411 71.81265664004916 76.48204904777549
95.63612905366374 91.75843035639446 88.92832362022831 65.18459483084787 59.845156150553926 56.51371504386995 86.80686471563794 73.66929640273396 69.99593125604918 82.54252953338319 75.09096096989411 71.81265664004916 76.48204904777549
95.63612905366374 91.75843035639446 88.92832362022831 65.18459483084787 59.845156150553926 56.51371504386995 86.80686471563794 73.66929640273396 69.99593125604918 82.54252953338319 75.09096096989411 71.81265664004916 76.48204904777549
95.63612905366374 91.75843035639446 88.92832362022831 65.18459483084787 59.845156150553926 56.51371504386995 86.80686471563794 73.66929640273396 69.99593125604918 82.54252953338319 75.09096096989411 71.81265664004916 76.48204904777549
95.63612905366374 91.75843035639446 88.92832362022831 65.18459483084787 59.845156150553926 56.51371504386995 86.80686471563794 73.66929640273396 69.99593125604918 82.54252953338319 75.09096096989411 71.81265664004916 76.48204904777549
95.63612905366374 91.75843035639446 88.92832362022831 65.18459483084787 59.845156150553926 56.51371504386995 86.80686471563794 73.66929640273396 69.99593125604918 82.54252953338319 75.09096096989411 71.81265664004916 76.48204904777549
96.94623744606868 90.81725378385829 87.70795186051042 63.05233374070613 58.828796732517134 55.60506244794987 84.14353454230164 68.58321392398075 65.4892435263146 81.38070190969215 72.7430881467854 69.60075261159163 74.57484755602304
95.8153296451474 90.44811624409166 87.39650886315177 60.958461836785474 56.52138774861739 54.37971366348461 82.60270164430062 67.57846119166602 64.2129920549694 79.79216437541116 71.51598839479169 68.66307152720192 73.32374143246825
94.85291155839181 89.96947708894332 87.54972841566706 59.607993014467986 55.60750125781656 52.85644596486462 86.36132144350856 70.59256915774182 67.18968427808227 80.27407533878944 72.0565158348339 69.19861955287132 73.84307024216488
95.22982951189272 91.04410580701578 88.49850583457443 56.40731377101213 52.87798876602956 50.020999601776694 85.14520677446491 70.12572297638113 66.46636889549742 78.92745001912324 71.3492725164755 68.32862477728285 72.86844910429386
93.14913742299336 88.05416041623684 86.58233945205896 56.8554265972959 53.112973837736135 49.90393852377431 85.76934553584064 70.96639751679635 67.5162414672566 78.59130318537663 70.71117725692311 68.00083981436329 72.43444008555434
94.75237104259257 88.47492952955625 87.58905958974668 60.62364078487179 55.63769192541472 52.99506189758964 85.00622285404597 71.00582537251023 67.45269150576382 80.12741156050345 71.70614894249373 69.34560433103339 73.72638827801018
95.25874912621937 89.00097270192069 87.23957051581203 54.866177392185755 51.22698823681826 49.33253012453019 83.93886337123743 70.61840180030158 66.75196617945491 78.02126329654752 70.2821209130135 67.77468893993237 72.02602438316447
95.41973855208849 91.16451792502093 88.41007221567962 58.239464295915965 54.29411011729008 52.07073476634988 87.31976027490477 72.59554225845763 68.64784783107632 80.32632104096973 72.68472343358955 69.7095516043686 74.24019869297597
94.99354214159736 91.13432597939742 88.05727370038765 62.77726654942175 58.74997778231752 55.6147526533899 85.77009365938156 70.87462033695529 67.89390405241436 81.18030078346689 73.58630803289007 70.52197680206397 75.0961952061403
94.62715369006818 88.48683067420282 87.59349672650046 58.58411457154972 54.80660404792037 52.23968123431547 85.98307122245178 72.1259802950659 68.47980043501543 79.7314464946899 71.80647167239637 69.43765946527712 73.65852587745447
94.84339243746093 88.6528634676343 85.64137091545936 59.85354094527745 55.32564141606976 52.818248856983715 77.64222594945562 67.27253625847251 63.098857110432874 77.44638644406467 70.41701371405885 67.18615896095865 71.68318637302738
94.26583340393438 87.65852087643032 85.76301484062141 55.56955389963314 52.09699011463022 48.61376078400374 78.45139303064325 62.34740939995975 58.39073667040531 76.09559344473693 67.36764013034009 64.25583743167682 69.23969033558461
94.0526366306189 87.75842168618499 86.1405568142134 49.85006446334779 45.641600305025854 43.183755999451265 81.3310437078714 62.19866048516518 59.409938303516554 75.07791493394603 65.19956082545868 62.91141703906041 67.7296309328217
93.85449615861671 87.5243623998936 84.86468880823904 50.32899726281751 46.81634232074566 44.05357262400722 83.2486254985608 68.68104072481877 64.83821408953283 75.810706306665 67.67391514848602 64.58549184059302 69.35670443191468
94.49849148970237 87.59598910455925 84.85254750735157 44.707752536463005 41.071293345623815 38.71261891579202 80.37133994967472 64.57107126685032 60.47080407530723 73.1925279919467 64.41278457234445 61.345323499483605 66.31687868792493
95.17567815723721 87.44525114912693 84.36406874674806 53.96432724618906 49.29466556497245 46.883640280166475 74.48815312637545 61.43246809410392 57.79327038023085 74.54271950993392 66.05746160273442 63.0136598023818 67.87128030501671
93.80490683162348 86.21709066762762 84.05366803025555 60.921283469291254 55.72616257206702 52.60805393753674 75.98497269291326 64.25061463839124 60.74692407542279 76.90372099794267 68.7312892926953 65.80288201440503 70.47929743501435
95.40333876979862 88.6620065187316 84.75884660392971 55.43747823959324 50.18402194331213 48.13929487676563 75.61870916632516 61.07858543690712 57.68965427110453 75.486508725239 66.64153796631695 63.52926525059996 68.55243731405199
92.82393450499933 85.25573007017012 82.09428124491211 50.66892739673887 48.473991840576225 46.221114732601364 76.05539981148983 55.3525053952808 52.37866314193437 73.18275390440935 63.02740910200905 60.23135303981595 65.48050534874477
94.65977192066441 86.77354254397159 82.33113015397224 49.133278905168 45.9221274545606 43.57351766114576 71.82750354384629 65.07620962291915 61.07588701632085 71.87351812322623 65.92395987381711 62.326844943812944 66.7081076469521
57.54260814476766 60.34021222613332 61.23517390418682 26.95713915633745 25.615256510816543 24.727489903696185 70.44227743991038 53.2546629935691 50.20590295179017 51.6473415803385 46.40337724350632 45.38952225322439 47.813413692356406
72.9206346009621 66.75212484118364 64.66275245445681 25.371153778206917 24.696843859048673 24.10989103943814 53.30654759305226 43.70207300303768 40.855357442482976 50.532778657407086 45.05034723442333 43.20933364545931 46.264153179096574
74.44074291777406 63.12358114161557 62.05739108691461 2.457833857198897 2.8167536253795373 3.1443077267602635 0.776272970495483 1.6334445919407101 1.5866962018243471 25.891616581822813 22.524593119645274 22.262798338499746 23.55966934665594
89.3119785861398 78.34672754258543 77.88056774063791 15.602799448447168 14.293801871266009 14.528520331533414 54.17206606253811 40.84592844127578 38.97427503205072 53.028948032375034 44.49548595170907 43.794454368074014 47.10629611738604
90.54979670796831 83.46384846814946 80.40497543000342 54.605129363989015 52.05806540366036 49.789931845076694 68.18488011094847 47.25827937536772 44.643594565773554 71.11326872763527 60.926731082392514 58.27950061361789 63.439833474548564
83.1237825832153 77.59178208446087 73.8704785149463 11.897275358836053 10.467209466569347 10.404771435037514 33.38843167850159 29.31918944299049 28.144379577424765 42.80316320685099 39.126060331340234 37.47320984246952 39.80081112688692
93.93195342392112 84.65321853737609 82.20964532405677 33.17487601726263 30.174724861882364 28.61090619762469 54.336462449330945 41.714929993277636 39.759258572382436 60.481097296838236 52.18095779751203 50.19327003135462 54.28510837523496
79.86008872576808 68.4741657485539 67.06201110772287 43.44618243090669 39.25287780597754 38.422422809430266 75.78775002335509 59.555427764445035 55.8126236780266 66.36467372667663 55.760823772992154 53.76568586505991 58.63039445490957
88.73472741691039 80.20383341347532 76.9800450212384 49.56817938257666 44.53580284160535 41.201283549420786 75.34522759043433 60.44540844860348 56.65201105950637 71.21604479664046 61.72834823456139 58.27777987672186 63.74072430264122
90.27221506934504 76.64079831072488 73.81613430853808 45.3540028765451 40.27440841753739 37.74856464773747 72.33252809104283 57.605130304340534 54.59698777608144 69.31958201231099 58.17344567753427 55.387228910785666 60.960085533543634
16.359626865435303 16.229381063003505 18.967363782588304 30.66990117322095 27.295918284799825 24.787578706193813 24.880019248252804 19.07537210745814 17.81324110882469 23.969849095636352 20.866890485087154 20.522727865868937 21.78648914886415
65.60728944766798 57.73644371289147 56.043938977558604 40.919422201715356 37.98778871854836 35.463403938186744 37.13504495495691 31.460285585769554 29.697270107678968 47.887252201446756 42.3948393390698 40.401537674474774 43.56120973833043
67.87531142015712 61.87703299845554 60.72040133632859 22.172069582043214 16.987169836459856 16.86708044628839 44.029045465335386 34.206336037387985 31.718188574458388 44.69214215584524 37.69017962410113 36.43522345235846 39.60584841076828
49.240973393657114 38.51463548498567 34.1092736843774 25.70881601114032 23.057119320472687 20.907684864684335 35.846307298606284 23.546432122070144 22.39597570339777 36.932032234467904 28.372728975842833 25.804311417486502 30.369690875932413
12.925478454415657 16.518770411775975 18.690985907428185 15.001237546327289 15.166449945317812 15.221400077848962 10.53543767497523 10.026489610185262 9.33397428432637 12.820717891906058 13.90390332242635 14.415453423201171 13.713358212511194
75.33410521410018 58.95977792338159 56.83279474624793 14.50409981442428 13.427828242673783 13.717684912270506 54.034063751550555 40.10923255154539 38.0830875760257 47.95742292669167 37.49894623920026 36.21118907818138 40.555852748024435
74.18839514044639 62.460519637763134 60.41362932017611 30.784829617416097 27.338097270708072 25.161337047413152 55.61437875796773 38.35973176449439 35.622687501814134 53.529201171943406 42.719449557655196 40.3992179564678 45.54928956202213
52.70956774080923 48.63006869522001 49.01479910028289 12.670188165315151 12.11677608387585 11.660034619259015 49.49052489711329 34.75839244507931 33.14984345371862 38.29009360107922 31.83507907472506 31.27489239108684 33.80002168896371
18.071892313785224 23.530349046611406 24.66964207872299 2.7587634378700763 3.185880917425528 3.210246898926594 10.823207772235177 13.290098035728215 12.032921567817949 10.551287841296826 13.335442666588383 13.304270181822512 12.397000229902574
39.321627329395106 37.16272316618138 39.8200232598807 8.706317436687875 7.455976635584893 7.64867791135814 11.136287023940042 14.212188610854138 13.58914645369788 19.721410596674342 19.610296137540136 20.352615874978905 19.89477420306446
10.930382967396636 13.671030963584812 15.405654973068552 4.0500537546824225 2.929385030507444 3.1164984297302807 7.790717849151295 6.0185231064696465 5.598679202426697 7.590384857076785 7.539646366853968 8.040277535075177 7.723436253001976
25.339516687801268 21.460956317778173 22.24632830510734 12.036878655978747 11.119462495153723 10.768345666661245 23.80217914096762 14.67345629207874 13.794680087076875 20.39285816158255 15.751291701670212 15.603118019615154 17.249089294289305
12.34898904598787 18.97503534607197 21.36939062583246 0.39441951311601464 0.497197394126986 0.5219957732915418 7.05961391056983 6.2749586709505065 5.8515310639075375 6.601007489891238 8.58239713704982 9.247639154343846 8.143681260428302
13.526074576659713 14.004033413744379 14.326837824491145 1.553872157437756 1.4582522726054112 1.6151913496677321 0.3140811899728012 2.568088996462458 2.6151863271196323 5.131342641356757 6.010124894270749 6.18573850042617 5.775735345351225
0.035092572704159664 0.031639368329424745 0.04081519649542892 0.039209535759096616 0.04680748919827172 0.05813953488372093 12.134191834760378 8.073396720021957 7.8732535354569 4.069497981074544 2.7172811925165514 2.6574027556120168 3.148060643067704
1.37364423220817 3.687040137874574 3.8978968003689642 3.9359495196108942 2.3474841775170003 2.3825129568395385 14.106877464276641 11.746223252675906 11.109136182594135 6.4721570720319015 5.926915856022493 5.7965153132675455 6.065196080440646
2.9321385345404343 5.044833772846827 5.714705979960664 3.1225036477723114 2.753188846870562 2.6265511232987016 21.93735906460284 16.150770883668024 15.020179566463993 9.330667082305196 7.982931167795138 7.787145556574454 8.366914602224929
13.965438206206256 13.775355326916394 14.51827298265311 10.683106886247112 9.262819417667377 9.687972557427884 1.0237830605729341 0.815550654776695 0.8061070487105018 8.557442717675434 7.951241799786821 8.337450862930497 8.282045126797584
8.527372008265452 10.177094733034094 10.552422924263553 4.511925138101356 5.280322095418524 5.7054244792008735 7.1646944265786425 5.623750594609277 5.392549174790671 6.734663857648484 7.027055807687298 7.216798859418365 6.992839508251382
18.634203048911008 21.979794995534323 25.208584424818763 0.21861648907451794 0.28148731732645293 0.3175857740936089 6.186537498707835 4.499023609085663 4.297796718176986 8.346452345564453 8.920101973982147 9.941322305696453 9.06929220841435
0.0014518002322880372 0.0022032255221644485 0.00211984171848502 0.08093525179856115 0.0818639798488665 0.09398496240601503 0.0 0.0 0.0 0.02746235067694973 0.02802240179034365 0.032034934708166686 0.02917322905848669
10.166034521642393 10.244317909121147 8.800782593360827 0.39549512521937397 0.483308751075031 0.5567193134436547 8.940202318792283 5.130593442332496 4.960430403822478 6.500577321884684 5.286073367509558 4.77264410354232 5.519764930978855
0.002611168062513297 0.1252866836410639 0.30582730707414946 0.012946556040486853 0.01323095415389903 0.015636322310841593 0.027854236091570134 0.7070787515541801 0.6810145439724695 0.014470653398190094 0.281865463116381 0.33415939111915355 0.21016516921124154
0.0 0.0003217296184286725 0.0007961910221500342 0.0 0.0 0.0 0.0 0.0 0.0 0.0 0.00010724320614289083 0.00026539700738334476 0.00012421340450874518
0.0007088009450679268 0.004636992959384395 0.006645879328126761 0.013462574044157244 0.011268028846153846 0.012762762762762761 0.0024336821611097587 0.1546632977112352 0.16705928199895873 0.0055350190501116435 0.05685610650559114 0.06215597469661608 0.041515700084106294
0.06060749201823755 0.21620017559147442 0.37824208741172466 1.389359618973468 1.5098874943705427 1.5541435088496658 2.622472769458762 0.7423453071497668 0.7246710945730017 1.3574799601501557 0.8228109923705946 0.8856855636114641 1.0219921720440714
7.360068058314237 4.956543561890109 5.874500887953399 2.306127535556434 1.8144785233014296 2.0674699197539956 7.37319753756753 4.991747513671872 4.764617532558116 5.679797710479401 3.920923199621137 4.23552944675517 4.612083452285235
1.0004831467814592 1.6979144541943552 1.995403751331415 1.9724182139793947 1.6900754908528766 1.690490837386232 7.382133044923081 5.15454407037889 5.3264382422167555 3.451678135227978 2.8475113384753734 3.004110943644801 3.1011001391160513
7.544010303199054 9.573295985999142 11.456398740450231 17.182339182857646 14.185699687106093 13.296899437966776 2.1743508592637193 2.992545309767123 2.826160132671059 8.966900115106807 8.917180327624118 9.193152770362689 9.025744404364538
0.07894932042998112 0.15644224041123655 0.4226531392824565 0.016353229762878167 0.016891891891891893 0.018568534773801486 0.009412546918267324 0.0062638388347983 0.006564281876162415 0.03490503237037554 0.05986599037930892 0.1492619853108068 0.08134433602016375
0.0007317367125221673 0.0018945993031358886 0.009033799190357406 0.0026573998364677024 0.003388414059614962 0.0049251668675938725 0.0 0.0015351550506601166 0.0016885668672479428 0.0011297121829966232 0.0022727228044703224 0.0052158443083997405 0.0028727597652888955
0.0 0.0 0.0 0.0 0.0 0.0 0.0 0.0 0.0 0.0 0.0 0.0 0.0
2.2307216280959685 2.5663077306152506 3.4051714028252285 0.0 0.0 0.0 0.09582275471234471 0.06899652146698637 0.07492927802774745 0.7755147942694377 0.878434750694079 1.1600335602843252 0.9379943684159474
0.0 0.017241379310344827 0.01937984496124031 0.0 0.015479876160990714 0.015479876160990714 0.0 0.0 0.0 0.0 0.010907085157111848 0.011619907040743676 0.007508997399285174
0.21491803457369502 0.2485965157181927 0.27837916328116785 0.0017462404470375544 0.001644095869056898 0.002029558701082431 0.0074436363104094065 0.012559711018211753 0.010632025210886168 0.07470263711038065 0.08760010753515378 0.09701358239771217 0.0864387756810822
0.02213613724405091 0.01601177081530206 0.018588967663842295 0.0 0.0 0.0 0.0 0.0 0.0 0.007378712414683637 0.00533725693843402 0.006196322554614098 0.006304097302577253
0.0 0.001324795760653566 0.0023737769888122857 0.004516711833785004 0.007208073041806823 0.009601536245799328 0.0 0.0004018323555412682 0.0006027000964320154 0.0015055706112616681 0.0029782337193338857 0.004192671110347876 0.002892158480314477
0.3945261257394513 0.48746652474836405 0.463158178529916 0.17087049953818384 0.14804884135457666 0.13461338341348233 6.632264483152545 3.3454514008801546 3.307990198649434 2.3992203694767267 1.3269889223276985 1.3019205868642774 1.6760432928895677
0.008347159353148122 0.013429197830809798 0.04313908384001089 0.008729852298491847 0.010570029183800412 0.013847394856036805 0.06212531798155149 0.04310999938131834 0.04327787134687048 0.026400776544397153 0.02236974213197618 0.033421450014306055 0.02739732289689313
0.0001948785906380325 0.0006605556797626065 0.001016094943911559 0.0 0.0 0.0 0.001606093979441997 0.0014592622618565057 0.0014592622618565057 0.0006003241900266765 0.000706605980539704 0.000825119068589355 0.0007106830797185785
0.0 5.1361068310220854e-05 0.00012745282970772517 0.0 0.0 0.0 0.0 0.0 0.0 0.0 1.712035610340695e-05 4.2484276569241726e-05 1.9868210890882892e-05
0.002412120579952018 0.005870732070970628 0.025900430117370983 0.20841814115088522 0.23055213563366317 0.3531429208486686 0.008270090710977009 0.02382529123995852 0.025389621856040896 0.07303345081393808 0.0867493863148641 0.1348109909406935 0.0981979426898319
