results
----------------0.2-0.2----------------
----------------0.2-0.2----------------
----------------Noise-0.15-evaluate----------------
4.5104185672970685 3.6476918146781654 3.072996270537658 7.58105788241515 6.174473273377625 6.160429111476066 5.539318042514245 3.465069489046583 3.416333783159021 5.876931497408822 4.429078192367458 4.216586388390915 4.840865359389064
----------------Noise-0.15-evaluate----------------
4.578374134032292 3.792335826839275 3.2589620535596984 6.666230366184697 5.238496140796251 5.266656086438145 20.728023575648418 12.906746666913222 12.166562177770352 10.657542691955136 7.312526211516249 6.8973934392560645 8.289154114242486
4.578374134032292 3.792335826839275 3.2589620535596984 6.666230366184697 5.238496140796251 5.266656086438145 20.728023575648418 12.906746666913222 12.166562177770352 10.657542691955136 7.312526211516249 6.8973934392560645 8.289154114242486
4.578374134032292 3.792335826839275 3.2589620535596984 6.666230366184697 5.238496140796251 5.266656086438145 20.728023575648418 12.906746666913222 12.166562177770352 10.657542691955136 7.312526211516249 6.8973934392560645 8.289154114242486
4.578374134032292 3.792335826839275 3.2589620535596984 6.666230366184697 5.238496140796251 5.266656086438145 20.728023575648418 12.906746666913222 12.166562177770352 10.657542691955136 7.312526211516249 6.8973934392560645 8.289154114242486
4.578374134032292 3.792335826839275 3.2589620535596984 6.666230366184697 5.238496140796251 5.266656086438145 20.728023575648418 12.906746666913222 12.166562177770352 10.657542691955136 7.312526211516249 6.8973934392560645 8.289154114242486
4.384569739352016 3.4314566382018685 2.8981820992391985 7.330543963143536 5.373962771722445 5.463596963893651 20.251358754251285 11.687030520635437 10.965973493134689 10.655490818915611 6.830816643519917 6.442584185422514 7.97629721595268
4.712063408613617 4.184011952857514 3.7144964744160034 4.9464461775895305 4.0917996895377025 4.528613841226326 16.43010216923638 9.97246414958058 9.420489393211975 8.696203918479844 6.082758597325264 5.887866569618102 6.8889430284744035
2.0652607157148393 1.4450943597379906 1.3522900558343316 6.226020363371473 5.270562801309868 5.439069287672436 11.04054643926293 6.372776105439123 6.237988176187343 6.443942506116414 4.362811088828994 4.3431158398980365 5.049956478281149
3.141376790952715 2.414507897985115 2.0179560975784114 4.413234459897624 3.972241853448709 4.296657764888341 17.85590691019934 10.709898022655025 10.26993918531269 8.470172720349893 5.69888259136295 5.528184349259814 6.565746553657553
3.19930502581309 2.5425319887208486 2.1012707507574198 8.502594137062728 6.291491444500681 6.13874612984699 8.729084779188327 4.572294480444055 4.569042954243177 6.810327980688048 4.468772637888528 4.269686611615863 5.182929076730814
3.609184869229851 2.836151870374209 2.814789389402354 7.369457560294357 5.803640223944978 6.102382374430873 17.24957089925278 10.129611083303425 9.479092497970663 9.409404442925663 6.256467725874205 6.132088087267964 7.265986752022611
4.885721756390078 4.120644394130262 3.6456988325848343 2.0603014976870173 1.7705517305569418 1.9600550557339342 15.879226140388788 9.462948560432114 8.762854883365536 7.608416464821961 5.118048228373106 4.789536257228101 5.83866698347439
3.5583601071666857 2.819004893665318 2.319120405717371 0.9649196956889264 0.7961780656100194 0.9635111442170256 1.1827337409161602 0.7392563478766268 0.7171957682186423 1.9020045145905906 1.4514797690506545 1.3332757727176796 1.5622533521196418
1.7296420803647996 1.3980130914556836 1.5060086651936504 3.6677239874408207 2.6438899420365995 2.775256279320626 14.930063186927708 8.636918942459006 8.159467883434798 6.775809751577776 4.2262739919837635 4.146910942649692 5.049664895403743
1.2938931118572476 1.0055412197061722 0.7785852096702126 8.150749557361223 6.38962558958715 6.272159522002725 4.20045045045045 2.79979674796748 2.869047619047619 4.548364373222974 3.3983211857536006 3.306597450240185 3.751094336405586
0.02324811761915397 0.00819672131147541 0.0066797230188151355 0.0 0.0 0.0 0.006806172881670169 0.004925640117178385 0.004925640117178385 0.010018096833608046 0.004374120476217932 0.0038684543786645068 0.006086890562830162
0.01764150474581325 0.021119830266739067 0.010974216710182769 1.0932191878312685 1.0624865124404133 1.4277254724148725 0.557448098955366 0.3354133680362417 0.3181016012754006 0.5561029305108159 0.47300657024779796 0.5856004301334853 0.5382366436306998
0.223125913560262 0.1351187276811124 0.12044576090318806 3.511294626040222 3.532495584963829 3.7976407195320743 3.121872993629541 1.9110949423727863 1.8727542695333732 2.2854311777433414 1.859569751672576 1.9302802499895453 2.0250937264684876
3.515629763118614 2.9065838258341943 2.3033897223132254 5.795105837013613 4.476841530742652 4.618399590712229 1.9504643962848296 1.7883995703544577 1.8615384615384616 3.7537333321390185 3.057274975643768 2.9277759248546382 3.2462614108791414
0.12755765251106366 0.09027108624471522 0.08659379568663197 3.066993274607513 2.1314659737955495 2.2195791775228755 0.17745194624941216 0.08418636836540545 0.08518689875951108 1.1240009577893295 0.7686411428018901 0.7971199573230061 0.8965873526380752
