results
----------------0.25-0.25----------------
----------------0.25-0.25----------------
----------------0.25-0.25----------------
78.2734085019207 66.293768857674 62.501971837624325 28.577195767576093 24.10641578145371 21.175891784600168 38.36910099754454 27.924002276284643 26.098339114608166 48.40656842234711 39.44139563847078 36.59206757894422 41.48001054658736
71.64516221797695 61.57002541671501 58.42845732189065 38.17130081261524 32.26391180762359 29.224269700299025 59.55079697314496 42.2336615570601 39.09463247128936 56.45575333457905 45.355866260466236 42.24911983115968 48.02024647540165
----------------Noise-0.2-evaluate----------------
----------------Noise-0.2-evaluate----------------
83.45646148935121 64.34587413466811 59.92740435274458 13.969640500987508 12.65095344016402 11.612416562192932 64.90217042630769 42.78214448454952 39.70706140290498 54.10942413888214 39.92632401979388 37.0822941059475 43.706014088207844
----------------Noise-0.2-evaluate----------------
87.70088435732302 73.76456829102396 70.22612755626936 46.069475202740435 39.15113021039617 34.95761637329259 77.33509664020787 55.70144453898293 52.395652719626604 70.36848540009045 56.205714346801024 52.52646554972952 59.70022176554033
87.70088435732302 73.76456829102396 70.22612755626936 46.069475202740435 39.15113021039617 34.95761637329259 77.33509664020787 55.70144453898293 52.395652719626604 70.36848540009045 56.205714346801024 52.52646554972952 59.70022176554033
87.70088435732302 73.76456829102396 70.22612755626936 46.069475202740435 39.15113021039617 34.95761637329259 77.33509664020787 55.70144453898293 52.395652719626604 70.36848540009045 56.205714346801024 52.52646554972952 59.70022176554033
87.70088435732302 73.76456829102396 70.22612755626936 46.069475202740435 39.15113021039617 34.95761637329259 77.33509664020787 55.70144453898293 52.395652719626604 70.36848540009045 56.205714346801024 52.52646554972952 59.70022176554033
87.70088435732302 73.76456829102396 70.22612755626936 46.069475202740435 39.15113021039617 34.95761637329259 77.33509664020787 55.70144453898293 52.395652719626604 70.36848540009045 56.205714346801024 52.52646554972952 59.70022176554033
84.70182636059187 72.1913809201595 67.69130881408705 37.6790564471604 32.212654667935844 28.653496487734493 67.53514973780293 48.79857137381672 45.81577976072529 63.30534418185173 51.06753565397069 47.38686168751561 53.919913841112674
84.50331353837056 72.12444496709702 67.58494920621258 43.35586177722269 36.675272302634795 32.278128314248974 68.08331792476724 47.097982887476434 44.264734644653416 65.3141644134535 51.96590005240275 48.04260405503832 55.107556173631515
86.81705276693546 73.30406264758025 70.23493666097266 46.1788603869433 38.60248566912647 34.978887492915874 76.91468489750473 54.799096712334304 51.128720224574465 69.97019935046116 55.568548343013674 52.11418145948767 59.21764305098749
85.48441075978384 73.02190659248411 68.19471947715452 40.98985609950995 34.424855305278655 30.53260994367951 77.79439052115646 53.52178914698255 49.953486741399 68.08955246015007 53.65618368158177 49.56027205407767 57.10200273193651
86.89378918326078 73.23461953104157 69.69245576874762 40.36105007911094 34.700992067683586 31.173107476164503 72.34355888032451 51.33712232785581 48.22038935394657 66.53279938089874 53.09091130886032 49.69531753295289 56.439676074237326
78.63803869985195 65.97788192070125 62.682823180546066 34.502891298951134 30.037923027936746 27.26840335038062 68.38167913486538 45.63536473337616 42.42317757113513 60.50753637788949 47.21705656067138 44.12480136735394 50.61646476863827
81.4239828629182 67.01614545817536 61.99585191852675 28.420119963751105 24.214044717864745 21.52990916884506 53.998932898440465 40.19998775894049 37.45550132546895 54.614345241703255 43.810059311660204 40.32708747094693 46.250497341436784
73.18552228087165 59.21640294142363 55.042178152861624 31.00285780030593 24.79717366232385 20.99936043134149 0.18495123943691733 1.2361553910577556 1.1094829546090272 34.79111044020483 28.416577331601744 25.717007179604042 29.641564983803537
62.11010608552451 50.163534808126265 46.92931735894742 0.20622174197376697 0.2649658805488654 0.223304106392156 69.99398711415334 47.09152422174031 43.85770917378324 44.10343831388386 32.50667497013848 30.33677687970761 35.64896338790998
54.401409674080156 47.21754308105289 45.829411318469745 37.33599319408429 30.428053148046835 26.13853605129065 43.72516476092436 30.11206570410103 28.244063692479287 45.15418920969628 35.91922064440025 33.40400368741323 38.15913784716992
54.28569170861025 44.6620451127299 41.47298693296452 2.314421236934346 1.8168055013527966 1.6150254664441526 4.579181704338089 3.4093635426401967 3.126520290483154 20.39309821662756 16.629404718907633 15.404844229963942 17.475782388499713
42.956129682274025 41.32992318799669 40.302844113224836 8.324023462600186 7.737888878594687 7.509504897329151 1.9008838383838385 1.4675654212270535 1.4198327934831672 17.727012327752686 16.84512582927281 16.410727268012383 16.994288475012628
36.257576804930046 28.509148974164063 27.228138685321657 9.72946739721702 8.616134430978875 7.891722937618289 46.20412419282934 27.56033499540128 25.922779977232757 30.73038946499214 21.561872800181405 20.347547200057566 24.213269821743705
0.9208599751953859 1.477795232633881 2.6512818666252413 35.759036888832576 30.12272439198534 26.53362950111746 46.20990707527321 33.5878442817811 30.90465789380619 27.629934646433725 21.729454635466777 20.029856420516296 23.129748567472266
60.621456785376225 49.16573803409216 44.23830418970265 23.369153809487173 20.267358347125676 18.602334943958994 48.27676597576486 31.47751284754395 29.644993581114342 44.08912552354275 33.636869742920595 30.82854423825866 36.18484650157401
10.835856967795184 13.581950259982023 15.185829241546916 0.6817337626833793 0.6502420124283673 0.5375190460589504 34.04748111617248 21.31457670172415 19.488021532956797 15.188357282217012 11.84892299137818 11.737123273520888 12.924801182372025
1.5842886090802972 2.407134880920062 3.194066984818257 2.9229514293116443 3.2062935084953628 2.9968087083701493 12.603419247813443 5.572629248872812 4.944750344484379 5.703553095401794 3.728685879429412 3.711875345890929 4.381371440240711
4.885788393862187 5.321812376141614 6.501625795023324 1.8016016916280349 1.3309583738001072 1.213564091949951 29.98298763995807 19.799898726646685 18.292081972522514 12.223459241816096 8.817556492196134 8.669090619831929 9.90336878461472
8.8018312570742 8.449611552356592 8.858118378187214 2.8972999510124158 2.4991787241341195 2.2044166150536 0.3034600625436946 0.3317328078102911 0.29487940460773093 4.00086375687677 3.7601743614336676 3.785804799282848 3.8489476391977626
0.7142110684433741 1.5532427920317629 2.066278984335053 0.0 0.0007033667823314264 0.0007033667823314264 2.6219493478944154 1.7291692202663573 1.6677236203762178 1.1120534721125965 1.0943717930268173 1.2449019904978673 1.1504424185457607
0.3205271715673307 0.5299548888217845 0.6060132798785758 0.00010248211687060609 6.356309272583966e-05 6.356309272583966e-05 0.07847015670591283 0.07743725734787214 0.07917668144804664 0.13303327013003804 0.20248523642079416 0.22841784147311608 0.18797878267464943
0.2364720092734169 0.20494815447887885 0.2372200189534581 0.0 0.00078312623994988 0.0010440593025683859 2.4193041113654067e-05 0.00043273581278191 0.00046015753643256926 0.07883206743817685 0.06872133884387022 0.07957474526415302 0.07570938384873335
0.01349267540478026 0.014994751836857098 0.01973659595165937 0.0024491333835719668 0.0020428763699288596 0.0015480408682789228 0.8763307154708213 0.43386810738626586 0.4234796522395801 0.2974241747530579 0.1503019118643506 0.14825476301983948 0.19866028321241594
0.005541791628634763 0.0034973928526007884 0.0020044900577293138 0.37260256130599206 0.41347751237780417 0.42261815732764624 0.29472008944633477 0.11299534929371745 0.12030220518450692 0.22428814746032052 0.1766567515080408 0.18164161752329414 0.19419550549721848
0.0004829984544049459 0.0008559483908170253 0.0028358961431812456 0.008885472061216922 0.02574085019555662 0.03404213822572694 0.0022476291118992357 0.010187336958419573 0.00804062447647579 0.0038720332091737013 0.012261378514931073 0.01497288628179466 0.010368766001966477
----------------0.45-0.63----------------
----------------0.45-0.63----------------
----------------0.45-0.63----------------
26.950630804686476 21.262660808588212 18.50162041085891 0.09932068948633396 0.14633566402321793 0.1289097010000395 12.575188324406621 7.928998852883133 7.5578264040395275 13.208379939526475 9.779331775164854 8.729452171966159 10.572387962219162
18.78037190537782 15.81639971100983 13.973156003814537 7.483634159252466 6.66169712153781 6.400511378771068 12.189058507474071 7.48650481904373 7.105477093884605 12.817688190701453 9.988200550530456 9.15971482549007 10.655201188907327
----------------Noise-0.2-evaluate----------------
----------------Noise-0.2-evaluate----------------
25.935135653666315 20.48829499899974 17.897216758428808 2.312602392821887 1.9534240323968204 1.8629428748208652 4.032886435144837 2.9827835486640404 2.8508019719059985 10.760208160544346 8.474834193353535 7.536987201718557 8.924009851872144
----------------Noise-0.2-evaluate----------------
21.467119100858582 17.15622131391404 14.816817889281092 9.364582281683989 8.64716710613241 8.417222623526506 21.10559257581795 13.555944279753565 12.69395894860746 17.312431319453506 13.119777566600002 11.975999820471685 14.136069568841734
21.467119100858582 17.15622131391404 14.816817889281092 9.364582281683989 8.64716710613241 8.417222623526506 21.10559257581795 13.555944279753565 12.69395894860746 17.312431319453506 13.119777566600002 11.975999820471685 14.136069568841734
21.467119100858582 17.15622131391404 14.816817889281092 9.364582281683989 8.64716710613241 8.417222623526506 21.10559257581795 13.555944279753565 12.69395894860746 17.312431319453506 13.119777566600002 11.975999820471685 14.136069568841734
21.467119100858582 17.15622131391404 14.816817889281092 9.364582281683989 8.64716710613241 8.417222623526506 21.10559257581795 13.555944279753565 12.69395894860746 17.312431319453506 13.119777566600002 11.975999820471685 14.136069568841734
21.467119100858582 17.15622131391404 14.816817889281092 9.364582281683989 8.64716710613241 8.417222623526506 21.10559257581795 13.555944279753565 12.69395894860746 17.312431319453506 13.119777566600002 11.975999820471685 14.136069568841734
15.109881191208958 12.892190776958726 10.904417387224541 0.3221079695174665 0.4371565167138362 0.524934777342895 19.146889249000427 12.091515947913374 10.72154825572185 11.526292803242285 8.473621080528645 7.383633473429762 9.127849119066898
19.358947059458416 15.463496450946495 13.0630764007616 4.015027075124682 3.9078133679703306 4.024494873750551 14.62455791169533 9.415196539663963 8.90764044273177 12.666177348759476 9.59550211952693 8.66507057241464 10.308916680233684
16.16935115199905 13.23192375762346 11.76448135837855 7.514069461228582 6.945035489567572 6.641849248578026 17.711440570193222 11.237123060540037 10.308835387124901 13.798287061140286 10.47136076924369 9.57172199802716 11.280456609470379
21.804852832252514 17.575352831480355 15.200642816103759 1.5585981920575729 1.6498648375751064 1.769285259803409 17.515854041574087 11.887766072451958 11.39184501561214 13.626435021961392 10.370994580502474 9.45392436383977 11.150451322101212
13.400956387677946 11.81340559955069 10.195196374949072 3.1197710279655526 2.8903571981761593 3.04446431830173 9.459559726256597 6.342662021093543 5.48662665013583 8.6600957139667 7.015474939606797 6.242095781128877 7.305888811567458
24.963326924285052 19.821668121052735 17.427684733328235 1.020402636393473 0.9150690213790338 0.9425745202021687 9.975307676747232 6.889623491095273 6.427611854821132 11.986345745808586 9.208786877842348 8.265957036117179 9.820363219922704
30.93393876093449 22.882934441052168 19.865615623730903 0.7465278977062233 0.9021127880041802 0.985953176850379 0.22533306870265854 0.1760615467801115 0.18246394837229368 10.635266575781122 7.987036258612154 7.011344249651192 8.54454902801482
20.262891205738182 17.068124601623293 14.759019832303649 7.08501403978926 6.654313602173473 6.3719279985712225 14.172687672172646 9.42762256379193 8.726232343372528 13.840197639233361 11.050020255862899 9.952393391415798 11.614203762170687
25.28221023768294 19.24418428840895 16.518553564033244 10.086351441387828 8.420778448636298 8.018192537715587 10.58406185797166 6.810998492104218 6.665043002177437 15.317541179014142 11.491987076383154 10.400596367975423 12.403374874457574
12.83872140201294 10.600741718453552 8.87834234861716 8.751063993904255 8.384247493352232 8.503157033052219 9.88234458202789 5.7649973793657425 5.559983233243474 10.490709992648362 8.249995530390509 7.647160871637618 8.795955464892163
21.822200168282173 18.381569443859096 16.623797723155747 4.488936331939582 4.033961008219218 3.82301137035459 3.9842608866467994 2.623087189240079 2.5114547384883834 10.098465795622852 8.346205880439465 7.652754610666239 8.699142095576185
2.7355180856577754 2.880567531166593 2.4239205093417073 12.300358085231116 10.961449159535666 10.485563480983162 8.328379025201787 5.329550802557563 5.131299213084892 7.78808506536356 6.390522497753274 6.0135944011365865 6.730733988084474
23.96492064426102 18.742980933347525 16.652172214634962 7.977263192328385 7.356146208751349 7.275777689929122 10.108523258543729 6.064851809883637 5.436038790363048 14.016902365044379 10.721326317327502 9.787996231642376 11.508741638004754
28.149696042543482 21.66466720280699 18.930181155647333 0.7815300023668182 0.7135949589802829 0.6309457545458406 2.383719514984373 1.1069700597301928 1.100026457494225 10.438315186631558 7.828410740505821 6.8870511225624655 8.384592349899947
18.03177107904062 15.058971222671131 13.263384064766177 9.86087955686086 8.726290090115702 8.704363398556806 14.979038106720397 8.731198147496082 8.14723710571363 14.290562914207293 10.838819820094306 10.038328189678872 11.72257030799349
3.6030381440001182 3.420366601988893 2.9342125926842044 9.082543947960996 8.035004081606917 7.576927778074608 4.540346947175462 2.4968921169023197 2.4023756477861284 5.741976346378859 4.65075426683271 4.30450533951498 4.89907865090885
0.9094104301319019 0.6646755720713222 0.6246841585694282 0.7949398383415875 0.7253376585950222 0.8126528031475319 0.002153581097711051 0.001607096940087426 0.0017676929999357203 0.5688346165237336 0.4638734425354773 0.4797015515722986 0.5041365368771697
4.358028079608413 5.172646757079069 4.627323497936832 0.0020517068742363664 0.01171289932003152 0.017432246065794393 0.23928638602173005 0.17446542997212963 0.17410477140929048 1.53312205750146 1.7862750287904101 1.6062868384706388 1.6418946415875029
5.030827611666837 3.945459383042403 3.3343300241122433 0.5282669519387044 0.44643906631601454 0.512660492849986 6.142949906450289 3.9123451094699844 3.5048922874803505 3.9006814900186098 2.768081186276134 2.45062760148086 3.039796759258534
13.872384292999747 11.577768668546879 10.617473199578113 1.8745001240676806 1.5268383973463948 1.686088200846466 0.0023336444859314576 0.0025614754098360654 0.002845759817871372 5.24973935385112 4.36905618043437 4.102135720080817 4.573643751455435
0.09264203176766755 0.029253877079304075 0.032391620120386294 0.42700695206705586 0.27599097234606895 0.33657670386566646 0.04074928435405567 0.012180367844388723 0.01438492809140881 0.18679942272959302 0.10580840575658723 0.12778441735915383 0.14013074861511138
0.1008061499396164 0.07255705340763459 0.01924805080787813 0.0009641961817831202 0.0014425094418799834 0.0019666456891126497 0.0 0.0 0.0 0.03392344870713317 0.02466652094983819 0.007071565498996926 0.021887178385322763
2.096078626030638 1.6098870540832984 1.6494653708033387 0.0 0.0 0.0 0.0 0.0 0.0 0.698692875343546 0.5366290180277661 0.5498217902677796 0.5950478945463639
0.1868913634847888 0.2471620565131925 0.24186402663027426 0.00995634739971223 0.023654252508631235 0.0300850462339701 0.014984994899535668 0.16838174448717153 0.15610613463918419 0.07061090192801224 0.1463993511696651 0.14268506916780951 0.11989844075516227
0.4211981585333006 0.5385481926410194 0.5121084659607611 0.002081021087680355 0.0016863406408094434 0.0016863406408094434 0.03952721957797375 0.03351864882090164 0.034324473385476194 0.1542687997329849 0.19125106070091014 0.1827064266623489 0.1760754290320813
----------------0.2-0.38----------------
----------------0.2-0.38----------------
----------------0.2-0.38----------------
76.05771247355885 61.73396808650337 55.81104987387802 32.73271852718301 28.298279612212085 25.36197886028861 58.713804508555114 38.56568457493941 35.96487791532647 55.834745169765654 42.86597742455162 39.04596888316436 45.915563825827206
74.29310910851072 61.27586948318526 57.292726381880556 30.39035158772898 26.75144576068091 24.760894621917977 58.5073178389624 40.00009414709796 37.5178089096819 54.3969261784007 42.67580313032138 39.85714330449347 45.643290871071855
----------------Noise-0.2-evaluate----------------
----------------Noise-0.2-evaluate----------------
71.68956739854686 58.67317758255657 54.026054571262826 19.45407748415395 15.904218147693877 13.7324663763082 57.66180283335157 39.029430400497986 36.589918983681244 49.6018159053508 37.86894204358281 34.782813310417424 40.751190419783676
----------------Noise-0.2-evaluate----------------
81.00948498832223 66.37450208536978 61.2169889117787 40.64773249876231 34.53461417568876 30.842593878351565 67.40340358491326 45.7760460969934 43.00626088491122 63.02020702399926 48.89505411935065 45.0219478916805 52.31240301167681
81.00948498832223 66.37450208536978 61.2169889117787 40.64773249876231 34.53461417568876 30.842593878351565 67.40340358491326 45.7760460969934 43.00626088491122 63.02020702399926 48.89505411935065 45.0219478916805 52.31240301167681
81.00948498832223 66.37450208536978 61.2169889117787 40.64773249876231 34.53461417568876 30.842593878351565 67.40340358491326 45.7760460969934 43.00626088491122 63.02020702399926 48.89505411935065 45.0219478916805 52.31240301167681
81.00948498832223 66.37450208536978 61.2169889117787 40.64773249876231 34.53461417568876 30.842593878351565 67.40340358491326 45.7760460969934 43.00626088491122 63.02020702399926 48.89505411935065 45.0219478916805 52.31240301167681
81.00948498832223 66.37450208536978 61.2169889117787 40.64773249876231 34.53461417568876 30.842593878351565 67.40340358491326 45.7760460969934 43.00626088491122 63.02020702399926 48.89505411935065 45.0219478916805 52.31240301167681
78.25856366783918 63.899594019969605 58.553369358601536 36.229784212156844 30.565012703216638 27.57930866236605 59.62194094069344 40.98232778667711 38.480634686418 58.03676294022983 45.148978169954454 41.537770902461865 48.24117067088204
80.21076795146669 64.35808782682331 59.173732620741795 36.936851890543885 31.132014382818195 27.645722385133205 48.414153755011554 34.497883571238674 32.332777648155705 55.18725786567404 43.329328593626734 39.7174108846769 46.077999114659214
79.25636368226252 65.99369519487492 60.909345897374465 33.18860039814179 28.392418855613645 25.199058878264662 56.84519836111036 38.71167552752866 36.33585655586918 56.43005414717155 44.365929859339076 40.814753777169436 47.203579261226686
69.6289208499348 57.80017451474196 53.265096607346216 38.1976893793232 32.665276042408436 29.164731604502393 65.89935310571373 43.594023700912444 40.96003810122094 57.90865444499057 44.686491419354276 41.12995543768985 47.908367100678234
79.30741231217543 64.37485895817807 59.718156960758265 36.98530512473838 31.802030997479402 28.76841571586758 50.63728818272518 35.209327217127765 33.1377088320201 55.64333520654633 43.79540572426174 40.54142716954865 46.66005603345225
58.7241686439829 47.93017005033825 44.462274226392886 26.136607146662875 21.624272677398395 18.865157840226868 13.84331875464651 7.7185383405851775 7.322849976055 32.90136484843077 25.757660356107277 23.550094014224914 27.40303973958765
53.778184557198806 42.764402406735215 38.55597731499588 14.896790036399974 14.858193187724462 13.873531046799986 3.8623194707245108 2.2417006275207605 2.1752569846593954 24.179098021441096 19.954765407326814 18.201588448818423 20.778483959195444
69.47983882307109 58.00907507098161 53.842919830993516 0.0 0.0 0.0 59.03180196478447 38.640178502030444 36.135689863231946 42.83721359595185 32.216417857670685 29.992869898075156 35.015500450565895
73.46538636676513 59.39752135259289 54.69115832909785 36.41330109899507 30.67741607239035 27.168167404046105 61.07571540145638 39.796402098270796 36.91550740233647 56.984800955738855 43.29044650775134 39.59161104516014 46.622286169550115
74.56775277359675 59.39131176291171 54.760676156576814 0.001896505012191818 0.0027758797403484798 0.003095776933259319 46.966008648652554 31.957817930138365 29.69445973668034 40.511885975753835 30.450635190930143 28.152743890063473 33.038421685582485
61.57456824821011 50.5758503445801 46.82558260511869 24.815212224688565 24.071129376064924 23.116713080688683 52.0619691831578 32.45193080741628 30.2627976294919 46.15058321868549 35.699636842687106 33.40169777176643 38.41730594437967
64.11220745046926 52.559549509389505 47.58148826958194 1.3445540295015588 0.9056239077584313 0.6546199089275786 2.125127584788764 1.3151336017182662 1.2878417844795675 22.527296354919855 18.26010233962207 16.507983320996363 19.098460671846095
42.45145863107824 34.912272950852845 32.0773137257698 13.892444682576869 12.993354481472199 12.589891500796737 34.03635583761015 20.59656001494908 19.5959353707127 30.12675305042175 22.83406248242471 21.421046865759745 24.793954132868734
50.971040042553696 41.06755037058381 38.26921849130688 1.0711433120407505 0.8670419027563906 0.8737085760160922 9.82002937303332 6.010305809198237 6.0151754385824985 20.620737575875925 15.98163269417948 15.052700835301822 17.218357035119077
37.15430706463662 29.77139530854118 27.11941602178093 0.07430169370481389 0.11328756429378073 0.2554837783972173 0.0 0.0017068730086481567 0.0034114168751421424 12.409536252780477 9.962129915281203 9.126103739017763 10.499256635693149
1.6154658185629076 2.6166368514808185 3.1098372280172253 8.571326134720241 7.262910045759948 7.078035676763131 0.26517179317495704 0.24591643563215587 0.21299027787019872 3.483987915486035 3.375154444290974 3.466954394216852 3.442032251331286
0.9056622686679198 1.912563015048519 2.4071943803542264 1.974030452818359 2.2778770240634323 2.322644104115841 8.525373936674058 5.187690929934881 4.928903039965911 3.8016888860534457 3.126043656348944 3.219580508145326 3.382437683515905
0.8227630784325967 1.3025909517873124 1.5946445446664064 7.735446483395416 8.236211757340032 8.134559156619156 4.333567443288351 3.125245395417263 3.011384338580574 4.297259001705455 4.221349368181536 4.246862679955378 4.255157016614123
10.879209265623905 11.489100522151066 11.10211774327025 20.322931220661857 17.74895060832077 16.27868310093188 6.334970983696689 4.469117487811356 4.028601189884064 12.512370489994149 11.235722872761064 10.469800678028731 11.405964680261313
9.440014392921734 10.383839447819136 10.286899768240229 0.012555954016915935 0.005344055374592834 0.0055979643765903305 2.605059879570105 1.9521914588558509 1.7817954885712706 4.019210075502918 4.113791654016526 4.024764407062697 4.052588712194048
0.00435144543665809 0.02672672018222531 0.04068311868494228 0.0005838393274170948 0.00041341447281386426 0.0009093313934263607 2.151154549429674 1.6118932683435772 1.4925850058976875 0.7186966113979164 0.5463444676662055 0.5113924853253521 0.592144521463158
0.005901329766307342 0.016045530300343957 0.04092540268238255 0.0 0.0 0.0 0.0 0.00027697762020828715 0.00036928985560766644 0.0019671099221024472 0.005440835973517415 0.013764897512663408 0.007057614469427755
0.002823479136778487 0.0026919747482211853 0.0024707383451215825 0.0010872435270180016 0.0007515309759595978 0.0009735944259602605 0.03704481883518811 0.01446761336728543 0.011050455472324458 0.013651847166328201 0.005970373030488738 0.004831596081135433 0.008151272092650791
0.0003349859305909152 0.0003306421933940565 0.0006899366983079302 0.5650308403896589 0.30061713464235396 0.3449594159455844 0.1045011261295619 0.06039961518114576 0.06110319102899367 0.22328898414993723 0.12044913067229794 0.1355841812242953 0.15977409868217685
0.03823414719078811 0.032326101211856605 0.04658375898743125 0.0 0.0 0.0 0.04838709677419355 0.007458638459452129 0.008809975603144485 0.02887374798832722 0.013261579890436243 0.018464578196858577 0.020199968691874015
----------------0.29-0.26----------------
----------------0.29-0.26----------------
----------------0.29-0.26----------------
82.1991158300485 65.66235191551228 60.82088114937777 41.26821177900119 35.47307454854697 31.900467219757772 49.55446929374917 32.10033889088063 29.99903740103419 57.673932300932954 44.41192178497996 40.90679525672324 47.664216447545385
78.71403256284245 65.61829244369672 61.13470613590055 42.206724112442785 35.448590111289576 31.283256532052935 30.325615476268446 20.696924638883914 19.57565045683714 50.415457383851226 40.58793573129007 37.33120437493021 42.77819916335717
----------------Noise-0.2-evaluate----------------
----------------Noise-0.2-evaluate----------------
72.14960291001475 56.95877840451998 55.02820052722785 21.745092437454698 18.50696075840859 16.159986081245684 42.8014097905261 28.624683177199266 26.472086312815957 45.56536837933185 34.69680744670928 32.5534243070965 37.60520004437921
----------------Noise-0.2-evaluate----------------
85.78946991576574 72.99596969820954 68.30506243675664 48.13266848912585 40.67782550374208 36.16237886036615 77.00071105394483 55.872952906374216 52.46572571885177 70.3076164862788 56.515582702775276 52.31105567199152 59.71141828701521
85.78946991576574 72.99596969820954 68.30506243675664 48.13266848912585 40.67782550374208 36.16237886036615 77.00071105394483 55.872952906374216 52.46572571885177 70.3076164862788 56.515582702775276 52.31105567199152 59.71141828701521
85.78946991576574 72.99596969820954 68.30506243675664 48.13266848912585 40.67782550374208 36.16237886036615 77.00071105394483 55.872952906374216 52.46572571885177 70.3076164862788 56.515582702775276 52.31105567199152 59.71141828701521
85.78946991576574 72.99596969820954 68.30506243675664 48.13266848912585 40.67782550374208 36.16237886036615 77.00071105394483 55.872952906374216 52.46572571885177 70.3076164862788 56.515582702775276 52.31105567199152 59.71141828701521
85.78946991576574 72.99596969820954 68.30506243675664 48.13266848912585 40.67782550374208 36.16237886036615 77.00071105394483 55.872952906374216 52.46572571885177 70.3076164862788 56.515582702775276 52.31105567199152 59.71141828701521
84.33139855410812 72.10280240380987 67.50959516664723 37.7880123297755 31.76870580499419 27.57049575582669 71.24946931455128 49.94567248922757 46.80089929343971 64.4562933994783 51.27239356601055 47.29366340530455 54.34078345693112
85.14053412132515 71.26456715449713 66.97717502687124 48.067658631130705 40.94738667915939 36.72047215436746 76.513689308996 51.813081536655794 48.07941204583101 69.90729402048396 54.6750117901041 50.59235307568991 58.391552962092646
83.71558016308323 69.65530039929031 64.97044613952737 47.02647523482814 39.60824178253467 35.7698321423522 75.39589431575133 53.89792493683026 50.38506822283062 68.71264990455423 54.387155706218415 50.375115501570065 57.82497370411423
84.11029670076621 71.22751382400827 66.77081088027977 48.17644191107414 39.96140347553164 35.615212706994605 78.46630515931562 55.12639929770254 51.341542654119685 70.25101459038532 55.438438865747486 51.24252208046468 58.97732517886584
84.66413301068573 70.6425853390981 67.67842283370356 43.09371315085261 36.79337883152389 33.096799614575225 54.18853043867543 37.3023940806011 34.69748505734688 60.648792200071256 48.24611941707436 45.15756916854189 51.350826928562505
66.75539492370706 53.24629492319403 49.96885292790888 3.43384192795273 2.842491225906427 2.450021552818223 0.017803125689787567 0.06284331471127556 0.0629922180972196 23.40234665911652 18.717209821270576 17.493955566274774 19.871170682220622
74.00290532638385 58.19654143541306 52.8904369526486 32.85850862201756 27.86418340441934 24.94869825083981 67.32188776732049 45.65136713704073 42.42216084614127 58.061100571907296 43.90403065895771 40.087098683209895 47.35074330469163
56.269413181305985 44.37763877193994 39.16238101701025 5.973244784620744 5.041129143684353 4.315376461524355 58.48722590470932 39.11264480687392 36.474212275664186 40.24329462354535 29.5104709074994 26.65065658473293 32.134807371925895
79.8610626975941 65.12013633546661 60.66815871554455 35.19553161015227 29.645708274608655 26.29631440018092 58.01737999723059 39.09214198235171 36.59617393592137 57.69132476832565 44.619328864142325 41.18688235054895 47.83251199433898
71.58205506251176 60.260081473284224 56.95975602768289 38.995728290000756 32.383708360750525 28.495836898042214 71.39235072895384 47.089668659027204 44.07455875900514 60.65671136048879 46.57781949768732 43.17671722824341 50.137082695473175
10.367201155446795 10.882395059845344 10.492448778276357 0.04596825378673086 0.03721973986525842 0.03730386371356359 0.032180686467468717 0.23453646481842433 0.20940172041245034 3.4817833652336643 3.7180504215096755 3.579718120800791 3.5931839691813767
72.4906324958903 58.774766040028645 54.27003168827488 30.60572582072625 26.099979046570766 23.240989725697954 59.94946896051893 39.128748400179184 35.845174220194295 54.34860909237849 41.334497828926196 37.785398544722376 44.48950182200902
24.61239409885021 21.90613744376974 22.706099594387776 15.71154534213138 13.263089890019481 11.508770586658216 0.013027572864281991 0.034674218640323815 0.03631191102128073 13.445655671281957 11.73463385080985 11.417060697355758 12.199116739815857
59.332761522901635 48.44952106754457 43.52118593232098 2.9894375278655563 2.9734232417275077 3.087100711836624 37.91971210130464 22.92195796011202 21.212087326062495 33.41397038402394 24.781634089794704 22.6067913234067 26.934131932408448
45.3601121414325 40.0716956404467 37.81310007434822 27.757477451776392 22.66015706573045 20.074592380948943 63.57988223855007 41.87708608726219 39.21758777077593 45.565823943919646 34.869646264479776 32.36842674202436 37.60129898347461
1.7662792108665657 1.6363722485504377 1.8573641820140916 5.275656978634299 4.225762571448481 4.5659250396350695 12.540830472165679 6.735607851881796 6.25272299789361 6.527588887222181 4.199247557293572 4.225337406514257 4.984057950343337
1.719384501647451 2.7185374867163095 3.2535291783443325 2.0685418314681936 1.6809244655831217 1.451962352631849 0.357906417727914 0.6782666416238463 0.5938270841678062 1.381944250281186 1.6925761979744258 1.7664395383813292 1.6136533288789805
3.8267859834354336 3.586091781040697 3.2470221612311763 0.008041817450743867 0.010737294201861132 0.012517882689556508 0.0 0.0002499000399840064 0.0002811340322117126 1.278275933628726 1.1990263250941808 1.0866070593176482 1.1879697726801848
3.493956763628451 7.045015080429015 9.257274404708635 2.9574891067405185 2.794477014243359 2.7144722905487786 23.62360720179369 15.497806224918865 15.000003292341255 10.025017690720887 8.445766106530412 8.990583329199557 9.153789042150287
0.7380055868929756 1.262612234141534 1.567805971670979 1.4946031002866966 1.067397564396629 0.9741048679493478 1.3158774276284517 0.9498848162490818 1.000487532981365 1.1828287049360413 1.0932982049290816 1.1807994575338971 1.1523087891330066
0.004294452823864588 0.02336166265147041 0.05230263295340875 0.2190838795489048 0.15631100439657686 0.13879352709183895 0.0015623047119110113 0.01706210419533179 0.015258027564771376 0.07498021236156013 0.06557825708112636 0.0687847292033397 0.06978106621534205
0.051210560789563216 0.07908947220196616 0.11269315556682444 0.009097873970503734 0.008122157244964262 0.010009739205713667 0.04058729673481678 0.0646691437030829 0.060454504188893365 0.03363191049829458 0.05062692438333777 0.06105246632047715 0.04843710040070317
0.08004419040155307 0.0928234236156663 0.10809543356266042 2.8663741373889535 1.8078330688845505 1.6977103845359756 0.0 0.0 0.0 0.9821394425968356 0.6335521641667389 0.6019352726995454 0.7392089598210398
0.06488538718819883 0.054414780661394345 0.03948594034357096 0.003444724128354301 0.0018220710303919873 0.00227280327295496 0.18934501348746136 0.025769869511637473 0.026285893065953164 0.08589170826800484 0.027335573734474605 0.022681545560826365 0.04530294252110193
0.05767298712464345 0.0830490038288539 0.10391068886337726 0.0009669683607952349 0.0008778860503906594 0.0010972612359550563 0.0004609484475256287 0.004233744828400503 0.004498307341116706 0.019700301310988103 0.029386878235881684 0.03650208581348301 0.028529755120117597
----------------0.8-0.8----------------
----------------0.8-0.2----------------
----------------0.8-0.8----------------
5.010762158929845 3.953553632365884 3.7030938291402524 0.10948905109489052 0.1224105461393597 0.13576779026217228 1.6083997719284222 0.750597919762169 0.7560920974213803 2.2428836606510525 1.6088540327558043 1.5316512389412684 1.7944629774493752
7.739697999392789 6.031848326874837 5.549192217885872 2.894862553262584 2.3394270302480544 2.354748140784536 3.9159162272779913 1.4460034894341547 1.4638635253960062 4.850158926644455 3.2724262821856818 3.1226012946888044 3.74839550117298
----------------Noise-0.2-evaluate----------------
----------------Noise-0.2-evaluate----------------
6.449595843217592 5.454542069913535 5.168749751104272 5.906103156405794 4.938866945490438 4.624736979199679 0.14246696306785409 0.09726481908038105 0.09660610945792869 4.16605532089708 3.4968912781614514 3.2966976132539596 3.6532147374374975
----------------Noise-0.2-evaluate----------------
9.75146119219238 7.646346277665492 6.7681603138090285 5.378992255956648 4.092383424260869 3.944011130920478 6.144023698159871 3.6678374513770784 3.2941759449114496 7.091492382102967 5.13552238443448 4.668782463213652 5.631932409917033
9.75146119219238 7.646346277665492 6.7681603138090285 5.378992255956648 4.092383424260869 3.944011130920478 6.144023698159871 3.6678374513770784 3.2941759449114496 7.091492382102967 5.13552238443448 4.668782463213652 5.631932409917033
9.75146119219238 7.646346277665492 6.7681603138090285 5.378992255956648 4.092383424260869 3.944011130920478 6.144023698159871 3.6678374513770784 3.2941759449114496 7.091492382102967 5.13552238443448 4.668782463213652 5.631932409917033
9.75146119219238 7.646346277665492 6.7681603138090285 5.378992255956648 4.092383424260869 3.944011130920478 6.144023698159871 3.6678374513770784 3.2941759449114496 7.091492382102967 5.13552238443448 4.668782463213652 5.631932409917033
9.75146119219238 7.646346277665492 6.7681603138090285 5.378992255956648 4.092383424260869 3.944011130920478 6.144023698159871 3.6678374513770784 3.2941759449114496 7.091492382102967 5.13552238443448 4.668782463213652 5.631932409917033
5.232471632141496 4.38626581139539 4.126381567636832 2.7640261587466095 2.2495596440876398 2.2242277442256615 8.438564792764529 3.7477757711120914 3.390921112147031 5.478354194550878 3.4612004088650408 3.247176808003175 4.062243803806365
12.341961487006765 9.360354706582136 8.208339801871913 2.176152177359276 1.8327610568111359 1.606886792287058 3.181239249977967 1.919631863660532 1.7767714369932082 5.899784304781336 4.370915875684601 3.8639993437173934 4.71156650806111
10.550549529468075 8.433694863294326 7.553823264696562 2.0150356685806794 1.7211566666850875 1.5463976900467602 6.344822938951515 3.469055992083629 3.2472353337586037 6.303469379000091 4.541302507354348 4.1158187628339755 4.98686354972947
12.806245478966034 9.607730858332253 8.496976576053678 3.222408222459129 2.4629123256606142 2.276546723323062 6.8411748909264425 4.068406466863881 3.752300487819983 7.623276197450536 5.379683216952249 4.841941262398907 5.948300225600564
8.476115381292296 6.862418772760876 6.123655296442423 4.146534399227634 3.212390596448604 3.0403143614638877 8.574432506394091 4.635676701914571 4.378786552871692 7.065694095638006 4.90349535704135 4.514252070259334 5.49448050764623
6.9194484569867125 5.394816717981174 4.997536975343122 0.007446994918521115 0.009292351679771264 0.010360102886539012 1.1354421787421294 0.8145531424203388 0.8228896296044553 2.6874458768824545 2.0728874040270946 1.943595569278039 2.2346429500625296
9.26782482398432 7.241322396793567 6.876311697272372 0.07355856038013928 0.07751163438236089 0.09266795372948458 4.698594469944097 2.0842589428115743 1.4732142857142856 4.679992618102852 3.134364324662501 2.814064645572047 3.5428071961124665
3.9384376015073386 3.4617111650422987 3.019962323260936 3.132587259680528 2.4047450143034355 2.234252900298577 5.48296215709165 2.6694635444776074 2.5879781566168063 4.184662339426506 2.8453065746077804 2.614064460058773 3.2146777913643536
7.0480614072144965 5.93395290958019 5.329055524026907 5.947875290351358 4.999970403693846 4.5940432078043285 1.287202380952381 0.1832460732984293 0.1832460732984293 4.761046359506079 3.7057231288574886 3.368781601709888 3.945183696691151
6.385227647546343 5.608803017266322 4.886420906294782 0.7191421339163359 0.5569650088096049 0.6066964112005037 0.0 0.053763440860215055 0.053763440860215055 2.3681232604875597 2.0731771556453804 1.8489602527851667 2.0967535563060355
2.012254560423617 1.9237599184047782 1.7879318714282504 0.04254682859926494 0.04537397094153111 0.054500850916042023 0.19230769230769232 0.17156862745098042 0.17156862745098042 0.7490363604435247 0.7135675055990965 0.6713337832650909 0.7113125497692375
4.610793636212139 4.021162980163924 3.5581614140746476 2.584097141040841 2.1136487564751922 2.0695668878503493 0.0 0.0 0.0 2.3982969257509934 2.044937245546372 1.8759094339749989 2.106381201757455
6.274267513271756 4.702919912148064 4.056165115403351 5.585980977829728 5.202356576955128 4.8128997785975 3.7336666803327576 1.9974574211909064 1.871840616258768 5.197971723811413 3.967577970098033 3.580301836753206 4.24861717688755
3.6393602766412916 2.6917766741149407 2.532054421236314 0.2749482918221528 0.39093627902986544 0.3856534880664759 0.0 0.0 0.0 1.3047695228211482 1.027570984381602 0.9725693031009298 1.10163660343456
17.33626752077751 12.51554102988405 11.025791882950738 0.025210084033613446 0.008437394532568343 0.008437394532568343 5.53778614915106 2.1532477539510784 1.913145737242398 7.633087917987395 4.892408726122565 4.3157916715752345 5.613762771895065
0.37951372883597634 0.14599004208378452 0.1508457013730244 0.0006398069610997368 0.0005738815049468586 0.0005738815049468586 0.0 0.0 0.0 0.12671784526569202 0.048854641196243796 0.050473194292657085 0.07534856025153096
0.017110951008645535 0.004756968138155478 0.007177692126170062 0.059021922428330514 0.05691768826619965 0.06686046511627908 2.1422118042650844 1.0413527071486597 1.0298846725924713 0.7394482259006868 0.3676757878510049 0.3679742766116401 0.4916994301211106
0.6040300514324689 0.4509656115388249 0.39104975306014644 0.038872457722596114 0.04827666311805736 0.05965287975898128 0.5222469136580046 0.30901030192498824 0.30255124122458293 0.38838314093768983 0.26941752552729015 0.2510846246812369 0.3029617637154056
0.5608086757595945 0.2021853548411753 0.19387802526294196 0.015996343692870202 0.011061946902654867 0.016233766233766232 0.15594369920492668 0.11152681367130302 0.11105695813545323 0.2442495728857971 0.10825803847171106 0.10705624987738714 0.15318795374496508
0.01170544343994237 0.0037251822318875604 0.004424778761061947 0.0853413654618474 0.11095700416088765 0.1334560515416475 0.008944543828264758 0.008417508417508417 0.008417508417508417 0.03533045091001818 0.041033231603427874 0.04876611290673929 0.04170993180672845
0.000648760866744518 0.0005842796893756706 0.0007435812999925642 0.0 0.0 0.0 0.0 0.0 0.0 0.00021625362224817268 0.00019475989645855688 0.00024786043333085473 0.00021962465067919474
0.0 0.0007488698872610425 0.001684326575610951 0.008992805755395683 0.0032258064516129032 0.004030957755562722 0.0 0.0 0.0 0.002997601918465228 0.001324892112957982 0.0019050947770578909 0.002075862936160367
0.22630928316921356 0.19761471505919348 0.14544141463201768 0.0 0.0 0.0 0.0 0.0 0.0 0.07543642772307119 0.06587157168639783 0.04848047154400589 0.0632628236511583
0.12573138997007954 0.039079452263536436 0.0325317234930001 0.003690036900369003 0.005494058277714472 0.0073200488003253355 0.012826988787142994 0.003597012698631771 0.0038233165763012817 0.04741613855253052 0.016056841079960894 0.01455836295654224 0.02601044752967788
0.013569114943534974 0.012313735270278695 0.01919669226225635 1.2732362018610122 1.124120610078602 1.117650634243578 0.0 0.0 0.0 0.42893510560151576 0.37881144844962694 0.3789491088352781 0.39556522096214025
----------------0.79-0.8----------------
----------------0.2-0.8----------------
----------------0.79-0.8----------------
