1.1110804232271452
1.1110804232271452
1.1110804232271452
1.1110804232271452
1.1110804232271452
1.1110804232271452
1.1110804232271452
1.1110804232271452
1.1110804232271452
1.1110804232271452
0.2890661175740662
0.2890661175740662
0.2890661175740662
0.2890661175740662
0.2890661175740662
0.2890661175740662
0.2890661175740662
0.2890661175740662
0.2890661175740662
0.2890661175740662
0.7003371157734772
0.7003371157734772
0.7003371157734772
0.7003371157734772
0.7003371157734772
0.7003371157734772
0.7003371157734772
0.7003371157734772
0.7003371157734772
0.7003371157734772
1.186862296132586
1.186862296132586
1.186862296132586
1.186862296132586
1.186862296132586
1.186862296132586
1.186862296132586
1.186862296132586
1.186862296132586
1.186862296132586
0.6020028504994165
0.6020028504994165
0.6020028504994165
0.6020028504994165
0.6020028504994165
0.6020028504994165
0.6020028504994165
0.6020028504994165
0.6020028504994165
0.6020028504994165
0.30952700621997337
0.30952700621997337
0.30952700621997337
0.30952700621997337
0.30952700621997337
0.30952700621997337
0.30952700621997337
0.30952700621997337
0.30952700621997337
0.30952700621997337
0.002351285159440299
0.002351285159440299
0.002351285159440299
0.002351285159440299
0.002351285159440299
0.002351285159440299
0.002351285159440299
0.002351285159440299
0.002351285159440299
0.002351285159440299
0.15348818698592528
0.15348818698592528
0.15348818698592528
0.15348818698592528
0.15348818698592528
0.15348818698592528
0.15348818698592528
0.15348818698592528
0.15348818698592528
0.15348818698592528
0.047617510498647736
0.047617510498647736
0.047617510498647736
0.047617510498647736
0.047617510498647736
0.047617510498647736
0.047617510498647736
0.047617510498647736
0.047617510498647736
0.047617510498647736
0.037288746150418925
0.037288746150418925
0.037288746150418925
0.037288746150418925
0.037288746150418925
0.037288746150418925
0.037288746150418925
0.037288746150418925
0.037288746150418925
0.037288746150418925
0.007102848308155331
0.007102848308155331
0.007102848308155331
0.007102848308155331
0.007102848308155331
0.007102848308155331
0.007102848308155331
0.007102848308155331
0.007102848308155331
0.007102848308155331
1.264554946217218
1.264554946217218
1.264554946217218
1.264554946217218
1.264554946217218
1.264554946217218
1.264554946217218
1.264554946217218
1.264554946217218
1.264554946217218
0.656377156962577
0.656377156962577
0.656377156962577
0.656377156962577
0.656377156962577
0.656377156962577
0.656377156962577
0.656377156962577
0.656377156962577
0.656377156962577
0.039041616998365176
0.039041616998365176
0.039041616998365176
0.039041616998365176
0.039041616998365176
0.039041616998365176
0.039041616998365176
0.039041616998365176
0.039041616998365176
0.039041616998365176
0.05669441072094623
0.05669441072094623
0.05669441072094623
0.05669441072094623
0.05669441072094623
0.05669441072094623
0.05669441072094623
0.05669441072094623
0.05669441072094623
0.05669441072094623
0.3242194868977608
0.3242194868977608
0.3242194868977608
0.3242194868977608
0.3242194868977608
0.3242194868977608
0.3242194868977608
0.3242194868977608
0.3242194868977608
0.3242194868977608
0.2883935116412527
0.2883935116412527
0.2883935116412527
0.2883935116412527
0.2883935116412527
0.2883935116412527
0.2883935116412527
0.2883935116412527
0.2883935116412527
0.2883935116412527
0.27127127166345166
0.27127127166345166
0.27127127166345166
0.27127127166345166
0.27127127166345166
0.27127127166345166
0.27127127166345166
0.27127127166345166
0.27127127166345166
0.27127127166345166
0.10457151375215337
0.10457151375215337
0.10457151375215337
0.10457151375215337
0.10457151375215337
0.10457151375215337
0.10457151375215337
0.10457151375215337
0.10457151375215337
0.10457151375215337
0.13271494985897853
0.13271494985897853
0.13271494985897853
0.13271494985897853
0.13271494985897853
0.13271494985897853
0.13271494985897853
0.13271494985897853
0.13271494985897853
0.13271494985897853
0.36582911093598
0.36582911093598
0.36582911093598
0.36582911093598
0.36582911093598
0.36582911093598
0.36582911093598
0.36582911093598
0.36582911093598
0.36582911093598
0.07272489313749271
0.07272489313749271
0.07272489313749271
0.07272489313749271
0.07272489313749271
0.07272489313749271
0.07272489313749271
0.07272489313749271
0.07272489313749271
0.07272489313749271
0.9017921487789452
0.9017921487789452
0.9017921487789452
0.9017921487789452
0.9017921487789452
0.9017921487789452
0.9017921487789452
0.9017921487789452
0.9017921487789452
0.9017921487789452
0.4244138105712882
0.4244138105712882
0.4244138105712882
0.4244138105712882
0.4244138105712882
0.4244138105712882
0.4244138105712882
0.4244138105712882
0.4244138105712882
0.4244138105712882
0.2201505679612211
0.2201505679612211
0.2201505679612211
0.2201505679612211
0.2201505679612211
0.2201505679612211
0.2201505679612211
0.2201505679612211
0.2201505679612211
0.2201505679612211
0.035427869536204415
0.035427869536204415
0.035427869536204415
0.035427869536204415
0.035427869536204415
0.035427869536204415
0.035427869536204415
0.035427869536204415
0.035427869536204415
0.035427869536204415
0.009772484563477605
0.009772484563477605
0.009772484563477605
0.009772484563477605
0.009772484563477605
0.009772484563477605
0.009772484563477605
0.009772484563477605
0.009772484563477605
0.009772484563477605
2.430245955944052
2.430245955944052
2.430245955944052
2.430245955944052
2.430245955944052
2.430245955944052
2.430245955944052
2.430245955944052
2.430245955944052
2.430245955944052
0.661970771396717
0.661970771396717
0.661970771396717
0.661970771396717
0.661970771396717
0.661970771396717
0.661970771396717
0.661970771396717
0.661970771396717
0.661970771396717
0.33568877384648993
0.33568877384648993
0.33568877384648993
0.33568877384648993
0.33568877384648993
0.33568877384648993
0.33568877384648993
0.33568877384648993
0.33568877384648993
0.33568877384648993
0.37868553213176376
0.37868553213176376
0.37868553213176376
0.37868553213176376
0.37868553213176376
0.37868553213176376
0.37868553213176376
0.37868553213176376
0.37868553213176376
0.37868553213176376
0.22109198176969252
0.22109198176969252
0.22109198176969252
0.22109198176969252
0.22109198176969252
0.22109198176969252
0.22109198176969252
0.22109198176969252
0.22109198176969252
0.22109198176969252
0.2949888954241426
0.2949888954241426
0.2949888954241426
0.2949888954241426
0.2949888954241426
0.2949888954241426
0.2949888954241426
0.2949888954241426
0.2949888954241426
0.2949888954241426
0.08149124790758214
0.08149124790758214
0.08149124790758214
0.08149124790758214
0.08149124790758214
0.08149124790758214
0.08149124790758214
0.08149124790758214
0.08149124790758214
0.08149124790758214
0.9904828623194804
0.9904828623194804
0.9904828623194804
0.9904828623194804
0.9904828623194804
0.9904828623194804
0.9904828623194804
0.9904828623194804
0.9904828623194804
0.9904828623194804
0.2676210433413249
0.2676210433413249
0.2676210433413249
0.2676210433413249
0.2676210433413249
0.2676210433413249
0.2676210433413249
0.2676210433413249
0.2676210433413249
0.2676210433413249
0.8954126718389973
0.8954126718389973
0.8954126718389973
0.8954126718389973
0.8954126718389973
0.8954126718389973
0.8954126718389973
0.8954126718389973
0.8954126718389973
0.8954126718389973
