0.2641632692293397
0.2641632692293397
0.2641632692293397
0.2641632692293397
0.2641632692293397
0.2641632692293397
0.2641632692293397
0.2641632692293397
0.2641632692293397
0.2641632692293397
0.5346664824133427
0.5346664824133427
0.5346664824133427
0.5346664824133427
0.5346664824133427
0.5346664824133427
0.5346664824133427
0.5346664824133427
0.5346664824133427
0.5346664824133427
0.4476151015635515
0.4476151015635515
0.4476151015635515
0.4476151015635515
0.4476151015635515
0.4476151015635515
0.4476151015635515
0.4476151015635515
0.4476151015635515
0.4476151015635515
0.4087611447459245
0.4087611447459245
0.4087611447459245
0.4087611447459245
0.4087611447459245
0.4087611447459245
0.4087611447459245
0.4087611447459245
0.4087611447459245
0.4087611447459245
0.41103895850549743
0.41103895850549743
0.41103895850549743
0.41103895850549743
0.41103895850549743
0.41103895850549743
0.41103895850549743
0.41103895850549743
0.41103895850549743
0.41103895850549743
0.4820345513335516
0.4820345513335516
0.4820345513335516
0.4820345513335516
0.4820345513335516
0.4820345513335516
0.4820345513335516
0.4820345513335516
0.4820345513335516
0.4820345513335516
0.5047464961368245
0.5047464961368245
0.5047464961368245
0.5047464961368245
0.5047464961368245
0.5047464961368245
0.5047464961368245
0.5047464961368245
0.5047464961368245
0.5047464961368245
0.5085348189808583
0.5085348189808583
0.5085348189808583
0.5085348189808583
0.5085348189808583
0.5085348189808583
0.5085348189808583
0.5085348189808583
0.5085348189808583
0.5085348189808583
0.5296380346257995
0.5296380346257995
0.5296380346257995
0.5296380346257995
0.5296380346257995
0.5296380346257995
0.5296380346257995
0.5296380346257995
0.5296380346257995
0.5296380346257995
0.54648166726632
0.54648166726632
0.54648166726632
0.54648166726632
0.54648166726632
0.54648166726632
0.54648166726632
0.54648166726632
0.54648166726632
0.54648166726632
0.5557658301145276
0.5557658301145276
0.5557658301145276
0.5557658301145276
0.5557658301145276
0.5557658301145276
0.5557658301145276
0.5557658301145276
0.5557658301145276
0.5557658301145276
0.47539407558235075
0.47539407558235075
0.47539407558235075
0.47539407558235075
0.47539407558235075
0.47539407558235075
0.47539407558235075
0.47539407558235075
0.47539407558235075
0.47539407558235075
0.40437911410721267
0.40437911410721267
0.40437911410721267
0.40437911410721267
0.40437911410721267
0.40437911410721267
0.40437911410721267
0.40437911410721267
0.40437911410721267
0.40437911410721267
0.5487311516018161
0.5487311516018161
0.5487311516018161
0.5487311516018161
0.5487311516018161
0.5487311516018161
0.5487311516018161
0.5487311516018161
0.5487311516018161
0.5487311516018161
0.5287694969734124
0.5287694969734124
0.5287694969734124
0.5287694969734124
0.5287694969734124
0.5287694969734124
0.5287694969734124
0.5287694969734124
0.5287694969734124
0.5287694969734124
0.5475779013777806
0.5475779013777806
0.5475779013777806
0.5475779013777806
0.5475779013777806
0.5475779013777806
0.5475779013777806
0.5475779013777806
0.5475779013777806
0.5475779013777806
0.5201754368190997
0.5201754368190997
0.5201754368190997
0.5201754368190997
0.5201754368190997
0.5201754368190997
0.5201754368190997
0.5201754368190997
0.5201754368190997
0.5201754368190997
0.4686706580262392
0.4686706580262392
0.4686706580262392
0.4686706580262392
0.4686706580262392
0.4686706580262392
0.4686706580262392
0.4686706580262392
0.4686706580262392
0.4686706580262392
0.4235557142360831
0.4235557142360831
0.4235557142360831
0.4235557142360831
0.4235557142360831
0.4235557142360831
0.4235557142360831
0.4235557142360831
0.4235557142360831
0.4235557142360831
0.5149663144708064
0.5149663144708064
0.5149663144708064
0.5149663144708064
0.5149663144708064
0.5149663144708064
0.5149663144708064
0.5149663144708064
0.5149663144708064
0.5149663144708064
0.36501976907954836
0.36501976907954836
0.36501976907954836
0.36501976907954836
0.36501976907954836
0.36501976907954836
0.36501976907954836
0.36501976907954836
0.36501976907954836
0.36501976907954836
0.5517287828488227
0.5517287828488227
0.5517287828488227
0.5517287828488227
0.5517287828488227
0.5517287828488227
0.5517287828488227
0.5517287828488227
0.5517287828488227
0.5517287828488227
0.28002425413926785
0.28002425413926785
0.28002425413926785
0.28002425413926785
0.28002425413926785
0.28002425413926785
0.28002425413926785
0.28002425413926785
0.28002425413926785
0.28002425413926785
0.5327293825476341
0.5327293825476341
0.5327293825476341
0.5327293825476341
0.5327293825476341
0.5327293825476341
0.5327293825476341
0.5327293825476341
0.5327293825476341
0.5327293825476341
0.5359817419681839
0.5359817419681839
0.5359817419681839
0.5359817419681839
0.5359817419681839
0.5359817419681839
0.5359817419681839
0.5359817419681839
0.5359817419681839
0.5359817419681839
0.5467611183172466
0.5467611183172466
0.5467611183172466
0.5467611183172466
0.5467611183172466
0.5467611183172466
0.5467611183172466
0.5467611183172466
0.5467611183172466
0.5467611183172466
0.5495856255925807
0.5495856255925807
0.5495856255925807
0.5495856255925807
0.5495856255925807
0.5495856255925807
0.5495856255925807
0.5495856255925807
0.5495856255925807
0.5495856255925807
0.5388699345485247
0.5388699345485247
0.5388699345485247
0.5388699345485247
0.5388699345485247
0.5388699345485247
0.5388699345485247
0.5388699345485247
0.5388699345485247
0.5388699345485247
0.3755334282769784
0.3755334282769784
0.3755334282769784
0.3755334282769784
0.3755334282769784
0.3755334282769784
0.3755334282769784
0.3755334282769784
0.3755334282769784
0.3755334282769784
0.4428094114468914
0.4428094114468914
0.4428094114468914
0.4428094114468914
0.4428094114468914
0.4428094114468914
0.4428094114468914
0.4428094114468914
0.4428094114468914
0.4428094114468914
0.544801867539441
0.544801867539441
0.544801867539441
0.544801867539441
0.544801867539441
0.544801867539441
0.544801867539441
0.544801867539441
0.544801867539441
0.544801867539441
0.561092639506867
0.561092639506867
0.561092639506867
0.561092639506867
0.561092639506867
0.561092639506867
0.561092639506867
0.561092639506867
0.561092639506867
0.561092639506867
0.5338185291092039
0.5338185291092039
0.5338185291092039
0.5338185291092039
0.5338185291092039
0.5338185291092039
0.5338185291092039
0.5338185291092039
0.5338185291092039
0.5338185291092039
0.4932127288123924
0.4932127288123924
0.4932127288123924
0.4932127288123924
0.4932127288123924
0.4932127288123924
0.4932127288123924
0.4932127288123924
0.4932127288123924
0.4932127288123924
0.4204436477882329
0.4204436477882329
0.4204436477882329
0.4204436477882329
0.4204436477882329
0.4204436477882329
0.4204436477882329
0.4204436477882329
0.4204436477882329
0.4204436477882329
0.4904614452745591
0.4904614452745591
0.4904614452745591
0.4904614452745591
0.4904614452745591
0.4904614452745591
0.4904614452745591
0.4904614452745591
0.4904614452745591
0.4904614452745591
0.3120045968662019
0.3120045968662019
0.3120045968662019
0.3120045968662019
0.3120045968662019
0.3120045968662019
0.3120045968662019
0.3120045968662019
0.3120045968662019
0.3120045968662019
