results
88.23009939605619 76.57656138292943 73.60179936095864 51.569070832637145 44.53810662938801 39.96382116930043 81.11817704090987 60.43903230413882 56.54090690346971 73.6391157565344 60.51790010548542 56.70217581124293 63.61973055775425
88.23009939605619 76.57656138292943 73.60179936095864 51.569070832637145 44.53810662938801 39.96382116930043 81.11817704090987 60.43903230413882 56.54090690346971 73.6391157565344 60.51790010548542 56.70217581124293 63.61973055775425
88.23009939605619 76.57656138292943 73.60179936095864 51.569070832637145 44.53810662938801 39.96382116930043 81.11817704090987 60.43903230413882 56.54090690346971 73.6391157565344 60.51790010548542 56.70217581124293 63.61973055775425
88.23009939605619 76.57656138292943 73.60179936095864 51.569070832637145 44.53810662938801 39.96382116930043 81.11817704090987 60.43903230413882 56.54090690346971 73.6391157565344 60.51790010548542 56.70217581124293 63.61973055775425
88.23009939605619 76.57656138292943 73.60179936095864 51.569070832637145 44.53810662938801 39.96382116930043 81.11817704090987 60.43903230413882 56.54090690346971 73.6391157565344 60.51790010548542 56.70217581124293 63.61973055775425
88.23009939605619 76.57656138292943 73.60179936095864 51.569070832637145 44.53810662938801 39.96382116930043 81.11817704090987 60.43903230413882 56.54090690346971 73.6391157565344 60.51790010548542 56.70217581124293 63.61973055775425
88.23009939605619 76.57656138292943 73.60179936095864 51.569070832637145 44.53810662938801 39.96382116930043 81.11817704090987 60.43903230413882 56.54090690346971 73.6391157565344 60.51790010548542 56.70217581124293 63.61973055775425
88.23009939605619 76.57656138292943 73.60179936095864 51.569070832637145 44.53810662938801 39.96382116930043 81.11817704090987 60.43903230413882 56.54090690346971 73.6391157565344 60.51790010548542 56.70217581124293 63.61973055775425
88.23009939605619 76.57656138292943 73.60179936095864 51.569070832637145 44.53810662938801 39.96382116930043 81.11817704090987 60.43903230413882 56.54090690346971 73.6391157565344 60.51790010548542 56.70217581124293 63.61973055775425
88.23009939605619 76.57656138292943 73.60179936095864 51.569070832637145 44.53810662938801 39.96382116930043 81.11817704090987 60.43903230413882 56.54090690346971 73.6391157565344 60.51790010548542 56.70217581124293 63.61973055775425
87.26536920124686 75.85924333315384 72.90086651856441 47.84417362980412 41.44199306127906 37.03064913855595 80.39106860704976 59.54529563408675 55.97662495712377 71.83353714603358 58.94884400950655 55.30271353808138 62.028364897873836
87.91392684548394 76.2788405526194 73.52485819056483 49.47838736447382 42.70938644524388 37.99157770948175 80.62797984545294 60.928412322673445 56.91235175665196 72.67343135180357 59.97221310684557 56.14292921889952 62.92952455918289
87.04555919998744 75.3091152391237 72.45536467965003 51.35693751177103 44.33547526032111 39.948997827853944 80.48098404650327 58.601076317646594 55.071105410670675 72.96116025275391 59.4152222723638 55.82515597272488 62.733846165947526
87.87851202066803 76.35788636798375 73.54333834801298 47.07095164600772 40.6431464567617 36.13877972126072 82.0633626540745 61.14011184652471 57.282891719368656 72.33760877358341 59.380381557090054 55.65500326288079 62.457664531184754
87.42363609327353 75.9435451472537 73.0920044658996 50.680822258300196 43.24115933560111 39.07852195521014 79.8633780766153 57.74165804465233 54.20405285430942 72.65594547606301 58.975454175835715 55.458193091806386 62.363197581235035
87.25768688903779 75.974532275804 72.94407942110055 49.15460929851707 42.18209648230923 37.612667297816635 80.3562234553193 59.241074201069544 55.664356946216984 72.25617321429138 59.132567653060924 55.40703455504473 62.26525847413235
87.83271816336529 76.23443743889366 73.41627200167228 50.656806183195 43.72500456712234 39.41407699841817 78.19901289117357 59.07550849238754 55.53297092239144 72.22951241257796 59.67831683280118 56.12110664082729 62.676311962068816
87.81830839362009 77.46900603937554 73.51897867121075 48.930005940349005 42.64286720377357 38.1359422351207 80.98337016913938 59.62458857282004 55.96984138300238 72.57722816770281 59.91215393865639 55.87492076311128 62.78810095649015
88.05273256850165 76.12412839521974 73.07926941769703 49.5901320484302 42.8458505042027 38.42957318444943 77.03099394607467 58.19213564689664 54.6603130799427 71.55795285433551 59.05403818210636 55.389718560696394 62.000569865712755
87.4523602403601 76.1104924734088 73.26054742378989 48.57221266526511 41.91992255194249 37.24854759609029 80.0759028332481 61.00229453452059 57.17574753140574 72.03349191295776 59.67756985329063 55.89494751709531 62.53533642778123
86.30803945761684 75.53357303119765 72.73329492571197 44.38172914316376 39.03350113745342 34.64872963083503 71.89796760974313 51.26882566247173 48.16463698639824 67.52924540350791 55.27863327704093 51.848887180981755 58.218921953843534
87.42943993373359 75.83037469430946 72.83517008362766 46.132633695147796 39.96271033004678 35.79224681986829 72.90843065690855 54.59029866588625 51.11398312009976 68.82350142859666 56.79446123008083 53.24713334119857 59.62169866662535
83.6620706330432 72.23429382425961 69.29225463573923 45.60381231469077 40.285171781123054 36.17513703664893 71.03484167970886 50.04780116734919 46.934442539916866 66.76690820914762 54.18908892424395 50.800611404101666 57.25220284583108
85.09607000676851 72.03532177341172 68.47908812700514 15.172614917083099 13.325723123074656 11.493413004382939 74.10372533548104 55.9354027554732 52.58160078683285 58.12413675311088 47.098815883986525 44.18470063940698 49.80255109216813
87.10562953368132 75.55734213802411 72.33884545685481 46.52730625842382 40.66134551127621 36.36032662197907 73.85002621187037 51.03974251100005 47.902261476216665 69.1609873346585 55.75281005343346 52.20047785168352 59.03809174659182
85.6704451236757 73.62106074033798 69.53307727098903 45.60633273664861 40.36705216563939 36.52806749686229 77.85911749281469 55.95241646389643 52.26577491112759 69.711965117713 56.64684312329126 52.77563989299298 59.711482711332415
85.74977878790568 71.94677578266607 68.5861172955647 37.13700729171117 31.491783348581016 27.32832307849149 76.51175672409948 54.57289941682528 51.11692557422616 66.46618093457211 52.67048618269079 49.010455316094124 56.049040811119006
85.95804182889492 74.01633474824717 69.78266524193508 50.04864607230666 42.59524543420092 38.193002715845424 70.53798040174416 49.51756977742505 46.35915902655115 68.84822276764858 55.37638331995771 51.44494232811055 58.55651613857229
79.85287435438416 68.65337443860177 66.0554215162414 51.95634043026877 44.511167846395296 39.85931629342572 76.21764174934158 55.386048024940294 52.07244005785356 69.3422855113315 56.18353010331246 52.66239262250689 59.3960694123836
85.5206759242044 73.59856394759395 70.22271979173438 41.62492206219984 35.86654267236427 32.765139819242634 79.74700373686626 58.58620594980112 54.70141279477529 68.9642005744235 56.017104189919785 52.56309080191743 59.18146518875358
82.17988394969181 69.81047374144619 66.75811367778695 24.04319620973901 19.405827507492695 15.990612439035326 56.09913674914433 42.76045079686032 40.144681942888674 54.107405636191714 43.992250681933065 40.964469353236986 46.35470855712058
80.4445778817089 65.80889536185055 62.509908015434 18.1172579821841 16.04778497438312 13.955616328507187 54.145442464543315 37.894718183573474 35.694050157256754 50.90242610947877 39.91713283993571 37.38652483373264 42.73536126104904
78.04701290347752 67.55548244857094 64.8222228392134 49.72130659012574 43.05803221946669 39.29982849528145 66.67991566821894 45.59490623202363 42.838989719914785 64.81607838727406 52.069473633353745 48.98701368480321 55.290855235143674
82.59097229391755 68.06720475154233 64.20543420695368 19.15881051056284 16.485044001070595 14.327067854695066 75.41572256962044 55.8651426257004 52.14351203532189 59.05516845803361 46.80579712610444 43.558671365656885 49.80654564993165
84.1176267362292 70.33211304492369 67.08602074202759 2.850875062242066 2.722583588261634 2.474872067079266 76.31197290069139 51.33788938122803 47.98279678188161 54.426824899720884 41.464195338137785 39.18122986366282 45.02408336717384
76.13803301871471 62.0573858385145 57.6899888631915 13.376924429988128 11.402148824538727 9.897959567453324 67.60526397600827 48.184764923066126 45.13953216444867 52.37340714157037 40.548099862039784 37.57582686503117 43.4991112895471
84.01467800859763 71.27777138337989 66.78264762976582 35.59117097001685 32.09284235039307 28.964306543201374 41.62291923058906 31.99303630884897 30.167356462945406 53.74292273640118 45.12121668087398 41.97143687863753 46.945192098637555
85.84824850540693 72.35931272133058 69.72662202040294 46.026541294469105 40.2328215963024 36.258438511561216 51.7144205854242 39.214616192672246 36.996763718060016 61.19640346176674 50.60225017010174 47.660608083341394 53.15308723840329
76.76704829542584 64.4012098632833 61.68206474898822 40.66401467673484 35.5400103458544 31.985803019006738 70.88666705837207 50.966262881882564 47.62346189170669 62.772576676844245 50.30249436367342 47.09710988656721 53.39072697569496
79.87117974798196 69.22163880011068 67.8107826262307 36.203463328755156 30.70605930163331 26.794589097519516 53.52184341262915 37.978829675399574 34.824156583041685 56.53216216312209 45.968842592381186 43.143176102263965 48.548060285922425
74.61827651894727 62.866592346872295 60.42961538052259 42.02369705594162 37.2748632955525 33.69116289858136 1.5432770496229196 1.5108564240736626 1.3565571272913755 39.39508354150393 33.884104022166156 31.825778468798443 35.03498867748951
76.1937820245308 64.76583755459438 61.68136097686626 14.41502120222099 12.321865763688358 10.408993135983904 59.243272558397486 41.52626202366999 38.942252228259875 49.950691928383094 39.53798844731758 37.01086878037001 42.16651638535689
77.29848380837907 67.14720791065878 63.446300244815355 41.7820367603407 35.9446408055081 32.03457746449377 70.97018543480127 52.798451955033975 49.54043295790173 63.35023533450701 51.963433557066956 48.34043688907028 54.551368593548084
71.20373993306738 56.556387571892294 53.688079834433935 14.2453545030733 13.756878099390384 12.99658834094036 49.6685332519953 31.346504592381606 29.298953866465677 45.03920922937866 33.886590087888095 31.994540680613326 36.97344666596003
70.981983887642 57.486658678704096 53.40866686744141 21.711517172403695 18.361235302411664 16.21930561310771 67.39783084666934 44.124324808569845 41.16923132629159 53.36377730223834 39.990739596561866 36.932401268946904 43.42897272258237
47.534564652246644 42.376573794472456 40.78624431710923 40.673734400169 34.68373689605937 30.62528233511334 48.32032343333271 31.94652206236168 29.92221877396637 45.50954082858278 36.335610917631165 33.77791514206297 38.541022296092315
65.67759581750335 58.37487324282108 56.159930238096514 2.778588717057228 2.7235810239031144 2.5144781438679553 58.310419213075335 38.57922550944895 35.97064160891151 42.2555345825453 33.22589325872438 31.54834999695866 35.67659261274278
71.98438579347643 64.56797372590049 61.50422146439107 2.772737816418818 2.2239822219702208 1.6140692862914725 12.120118533550306 12.467344486983292 11.519237426294268 28.959080714481853 26.419766811618 24.87917605899227 26.75267452836404
78.87567199271146 65.87431287276233 62.11229195875501 45.201170301760065 39.98378997954733 35.80223268637216 66.78251423574567 47.78040738044694 44.308560948414744 63.619785510072404 51.2128367442522 47.407695197847296 54.080105817390645
74.36748577857726 61.45135860758548 58.15813138390763 42.42401529176327 36.27661597091329 32.083553598749546 56.36039383076123 37.23005473844883 34.52959016137921 57.717298300367254 44.98600977231587 41.59042504801213 48.09791104023175
70.10870784748803 60.28715227026289 57.94834512144122 21.33467717699775 18.762063724078043 16.30108330038676 68.17909230104367 48.402794345516945 45.289801164786795 53.20749244184316 42.48400344661929 39.84640986220493 45.17930191688912
66.89773679491499 57.089211705139384 54.956596192305426 31.465712960140475 27.73496579871032 24.47674915662032 33.064756631854905 25.91663544915833 24.7804800085274 43.80940212897013 36.913604317669346 34.73794178581772 38.48698274415239
61.87492889635251 56.04380822136286 53.56253901404098 9.450224578002405 8.517882062711694 7.768567610507329 58.887960335416025 40.26802823748244 37.69979354900871 43.40437126992365 34.943239507185666 33.01030005785234 37.11930361165388
68.88995336142769 59.140686398848395 57.053746597054754 21.76723404924557 18.504801070414896 15.582934451894207 1.0378995813811598 1.0221146310451659 1.043573478787613 30.565028997351472 26.22253403343615 24.560084842578856 27.11588262445549
67.61090348380677 53.33634690268136 51.279922504812504 5.189215938966707 4.919511137985448 4.423646149347017 62.202399503037974 40.1420494962057 37.59446905049812 45.00083964193715 32.799302512290836 31.09934590155255 36.29982935192684
65.10489540426005 53.19165176748497 50.99280218634169 21.284720522569906 16.768046666212864 14.357606647459445 18.454774614700227 14.243992986409355 13.28103101358073 34.948130180510056 28.06789714003573 26.21047994912729 29.74216908989102
60.215341010168046 46.495873529672984 44.44543380009193 17.67200830540887 15.93667410227812 14.411103861737665 8.72168965907307 4.568702033487903 4.523068562039391 28.869679658216658 22.33374988847967 21.12653540795633 24.109988318217553
73.67838445160011 59.61454890548132 56.06940019080805 45.14409070472551 40.061136586833065 36.604531679947506 5.764487188421267 4.897105079358749 4.704679400192481 41.52898744824896 34.85759685722438 32.45953709031601 36.28204046526312
64.13204460050126 55.96215401883068 53.71562258981943 20.448874629114208 17.870216684430105 16.460749975798088 52.12823406272076 34.811876625687894 32.60008819039831 45.56971776411208 36.21474910964955 34.25882025200528 38.68109570858897
53.93241988109854 40.03897997914853 38.68514260186065 28.530027957655925 26.661478141330612 24.669356122024062 4.135759354295822 2.4901752392294214 2.3106899274486703 28.866069064350096 23.063544453236187 21.888396217111126 24.60600324489913
12.678124787288233 12.274610405546564 13.019450448516103 30.075235671891733 26.94115569821741 24.3401669025804 29.52003601561404 17.255597380813402 16.233567650392768 24.091132158264667 18.82378782819246 17.864395000496426 20.259771662317846
22.077048128457026 23.266427969693666 23.264595081268507 6.422560347222389 6.022328669572942 5.2993074379556235 19.717146265680267 11.966559152819286 11.304113339285486 16.072251580453226 13.751771930695298 13.289338619503205 14.371120710217244
31.089773715773806 32.8093624268737 34.871285674845176 0.8842622236945905 0.8368120016527916 0.6884893245469756 44.2101856638818 33.46463752451807 30.71845794143669 25.394740534450065 22.370270651014852 22.092744313609614 23.28591849969151
58.91599649083481 43.400634169699984 41.277222826754404 25.86344761137639 22.808727597434736 20.022691276516376 7.480120922310104 7.890779912362539 7.338069283092154 30.7531883415071 24.700047226499084 22.879327795454312 26.110854454486837
54.30033506332107 46.179030999634804 44.17068105040374 15.268140793491062 14.06140970060205 12.199548951109765 3.366568926368703 4.256989756708859 4.144385308698108 24.311681594393608 21.49914348564857 20.171538436737205 21.994121172259796
43.77130059230548 38.45648849944222 35.50143154041854 27.26566876380013 25.735223784783557 24.399102811285587 8.348101503971572 5.461189060891726 5.3197554389825354 26.46169028669239 23.21763378170584 21.740096596895555 23.806473555097927
0.36440482784732026 1.06627520984845 1.4494418310061092 13.023889791121668 11.72209906480055 10.694643618929337 42.48875644081327 25.179135029867865 23.381945378625968 18.625683686594087 12.655836434838955 11.842010276187139 14.37451013254006
22.69719718588249 20.492312769261414 21.29801109639385 8.809965094128527 7.763991274269051 6.914197311625964 46.997195263791056 28.01957794647134 26.191842917841562 26.168119181267357 18.758627330000603 18.134683775287126 21.020476762185027
20.26669254881524 21.857049575204837 23.665482230221603 28.422164772137947 26.020958592034876 24.087499411637584 6.152172178448282 4.994318134948805 4.773935047238275 18.28034316646716 17.624108767396173 17.508972229699154 17.804474721187496
50.01979786952744 42.84188529885121 42.67698336941689 15.361209199871048 13.605695906206636 12.862695733977356 57.67144304777819 35.60033121682152 33.25740108860045 41.01748337239223 30.68263747395979 29.5990267306649 33.766382525672306
8.688725782928998 7.659518784652336 7.0879362259806875 5.895228568375414 5.817641451687159 5.38084274820673 5.160387691888372 3.658837525751366 3.436106531485076 6.581447347730928 5.711999254030286 5.301628501890831 5.8650250345506825
4.03917034856165 6.411472020723999 6.82397435552067 0.03668348847348934 0.044493408617673966 0.05080369560898073 0.0172194684174113 0.08544752189665143 0.09112269998702768 1.3643577684841837 2.1804709837461083 2.321966917038893 1.9555985564230616
2.0125274212406628 2.742384532674643 3.4467053050506533 4.479609294023502 3.865398101319959 3.390059111178438 13.024224421386583 7.364883565569125 7.135645584011074 6.505453712216916 4.657555399854576 4.657470000080055 5.273493037383848
18.181976176382538 16.076090789090106 14.213398866802857 6.398921612240597 6.5540016111328505 6.121992033580296 10.944759616700006 6.993420121706382 6.72282037943884 11.84188580177438 9.874504173976446 9.019403759940664 10.24526457856383
21.126047393631524 19.030016265441297 20.706223441715778 5.674715478370992 6.004171247654853 5.652591205265001 47.509050958976054 29.24958306247379 27.398817244941824 24.769937943659524 18.094590191856646 17.919210630640865 20.261246255385675
4.812144214031134 6.553725487538016 7.031932919402009 26.311480629561068 23.118945289890153 21.42295486861375 17.419358106213277 10.86753071506944 9.94683209172073 16.180994316601826 13.513400497499203 12.800573293245497 14.164989369115508
19.82349189990561 20.713346613331737 21.12010359320559 26.9287990423106 23.771860472284715 21.32739710784642 0.024752475247524754 0.029510961214165257 0.03367003367003367 15.592347805821243 14.838239348943539 14.160390244907347 14.863659133224044
6.806970497110496 8.289545741761954 8.911475140974733 7.991163953669172 6.306591533662724 5.272897985410414 0.0031870092259934494 0.006345647163615221 0.007096696270594819 4.933773820001886 4.867494307529431 4.730489940885247 4.843919356138856
0.010266062109675763 0.007231724099193979 0.0010010115485121808 0.0014256619144602852 0.0012693935119887164 0.0005815531345713953 34.07710456552645 21.956439687429846 20.716049381251956 11.362932096516863 7.321646935013676 6.90587731531168 8.530152115614072
15.161553800344443 14.867075320962647 14.18227647512593 1.0012929092900131 0.7140989246581781 0.6252367452760141 3.392653300511887 4.47972687100299 4.01661562692152 6.5185000033821145 6.686967038874605 6.274709615774488 6.493392219343736
10.346864712849326 11.644554964760834 12.154064485572958 1.8678352952120318 1.6142777018045653 1.6851567096892803 10.191956771688345 6.15967392805064 5.782083278641561 7.468885593249901 6.4728355315386805 6.540434824634599 6.827385316474394
0.06654454237015416 0.12516374738207142 0.24350661160517278 3.797859229450197 3.441205104885646 3.1198522078416095 3.9768380180411227 2.2394106722196447 1.980023643890721 2.613747263287158 1.9352598414957873 1.7811274877791679 2.1100448641873712
3.827193219602375 5.920255290413166 7.724860542699158 4.177606659482788 4.183086334421019 3.9986513628175824 16.565136939081267 11.034308675756535 10.882056634124142 8.18997893938881 7.04588343353024 7.535189513213628 7.590350628710892
0.4645113507734928 0.6331574612789616 1.074779436172065 12.584626161082735 11.78473961260144 11.41530419044754 21.881590989374594 13.652429164964296 12.584767418642922 11.643576167076938 8.690108746281567 8.358283681754175 9.563989531704228
20.607773037750704 14.508986235715588 14.773074472899767 0.32163624931228774 0.39460639987054824 0.3704013829787766 1.0249280150567375 0.4757878653676535 0.43571910638562333 7.31811243403991 5.126460166984597 5.193064987421389 5.879212529481965
6.309144530968405 8.011159668021719 8.850544261924561 9.946467132560407 8.766244007958658 8.553479211922783 25.01321788912609 15.141239025012027 14.225552103890465 13.756276517551633 10.639547566997468 10.543191859245937 11.646338647931678
1.679358269244608 1.3369742416313926 1.1139186160169654 0.0024354603019970775 0.0007935248373274084 0.0010579211848717272 0.4657526305831673 0.12800844533536856 0.11729357641698673 0.7158487867099241 0.48859207060136284 0.41075670453960794 0.5383991872836317
0.21454349271602208 0.40777246353379276 0.6083381755489911 0.0004974314449026844 0.0004796101728515063 0.00044413671211286084 3.062616475764572 1.995959750815597 1.7578916688943684 1.0925524666418323 0.8014039415074138 0.7888913270518242 0.8942825784003569
0.5001196386237252 0.838130670621505 1.1861054342403292 4.165427717439033 3.7139797137044024 3.611786584090821 13.930970850946556 9.627703426779984 8.962197802352796 6.198839402336438 4.726604603701964 4.586696606894648 5.170713537644351
2.450124466144917 2.4320414686615353 2.801313024583099 0.3868364078778307 0.3631313164965145 0.3679745168542034 2.902241701097705 1.9205276493425543 1.9050367863769981 1.913067525040151 1.5719001448335348 1.691441442604767 1.7254697041594844
0.7048880284381088 0.5997200235013066 0.6533486727257908 0.1439736228055477 0.13602996717228 0.11236287711371394 1.041373715180232 0.43807393875119016 0.4465113826702276 0.6300784554746296 0.39127464314159227 0.4040743108365774 0.47514246981759967
0.7488144514290332 0.9611754247721243 1.0134186610644278 1.7472221643818002 1.9475737789329408 1.9483063036520354 0.0 0.0029832935560859188 0.0029832935560859188 0.8320122052702779 0.9705774990870504 0.9882360860908498 0.9302752634827259
8.313805682567358 8.570912657895688 9.24002232484209 0.6590274601720789 0.7857656344508193 0.7246682538312722 2.3862535391189144 1.5995640405390594 1.484695426733107 3.786362227286117 3.652080777628522 3.8164620018021567 3.7516350022389324
0.20912992872466435 0.23648189407175596 0.24280317335860593 2.8868817690392223 2.5778088415225118 2.5103295810278876 0.2367108021795061 0.11704672549263113 0.1164080548778507 1.1109074999811308 0.9771124870289664 0.9565136030881147 1.0148445300327373
0.2096812235816508 0.594608708248098 0.7457648792152172 0.0005406964169850768 0.00034596919277403416 0.00039918672358182266 0.012256941505638167 0.04462361300933463 0.040092218135034656 0.07415962050142468 0.21319276348340221 0.2620854280246112 0.18314593733647938
0.18463815486142102 0.1989713644331919 0.25787408464136724 0.16936291927498837 0.1578162300167844 0.1736526667274741 0.0022841480127912287 0.0014232849416453176 0.0014232849416453176 0.11876174071640021 0.11940362646387388 0.14431667877016222 0.1274940153168121
1.0640682864461994 1.1642929330939693 1.0839595684594017 0.07860794046039603 0.09873157398327197 0.13207876979661032 1.3599314455253675 0.9224106653918419 0.8312690540073938 0.834202557477321 0.7284783908230277 0.6824357974211352 0.748372248573828
0.31646265152850034 0.2894628853944424 0.30516856219984206 3.301400811289083 3.2390803475197503 3.331658127153167 5.4130644975320985 3.013741090207022 2.9660668550198563 3.0103093201165607 2.180761441040405 2.200964514790955 2.464011758649307
0.0070063694267515925 0.006385908798116435 0.009539021252051999 0.02067476625806088 0.0066548434002281715 0.004345266025723193 0.0 0.0 0.0 0.009227045228270824 0.0043469173994482024 0.004628095759258397 0.006067352795659142
0.19440383554446353 0.13922659715813446 0.15466416822612614 0.35631557185549423 0.3903006918227977 0.4831003113791165 0.05793664434040808 0.04250049389872459 0.04341734024706421 0.20288535058012194 0.19067592762655225 0.22706060661743563 0.2068739616080366
0.015156918687589161 0.005583539251092948 0.008898063781321184 0.0003389653733833959 0.00030360439133391624 0.0004553789359919367 0.0003905639743790033 0.00033071407783686534 0.00033071407783686534 0.0052954826784505195 0.00207261924008791 0.003228052265049995 0.0035320513945294747
0.0 0.00029593970721698295 0.0013245033112582781 0.0001516395265611795 0.00015043073333311047 0.00016714414176497529 0.0 0.0 0.0 5.0546508853726496e-05 0.00014879014685003115 0.0004972158176744178 0.00023218415779272517
0.023484201537147732 0.006371562709590879 0.0081097021527573 0.0 0.0 0.0 0.0 0.0 0.0 0.007828067179049243 0.002123854236530293 0.0027032340509190998 0.004218385155499545
0.0018034395198522624 0.0022403531064000533 0.0017744829353891045 0.003707365299060801 0.004828326180257511 0.00536365586783952 0.0011718487573904627 6.614176561474803e-05 8.598361284621633e-05 0.002227551192101175 0.0023782736840907708 0.0024080408053582802 0.0023379552271834084
0.0 0.0020109035660023237 0.0046030343202238914 0.001515457668215801 0.0016756032171581772 0.0016756032171581772 0.01048104156002596 0.004136564890878399 0.003892916179255256 0.003998833076080587 0.0026076905580129667 0.003390517905545775 0.0033323471798797763
0.3921739020043251 0.357128064635853 0.40698358705226567 0.044970019986675554 0.04961411245865491 0.055005500550055014 0.08689472304385969 0.04517014840688182 0.047232419592854055 0.17467954834495344 0.15063744183379657 0.16974050239839159 0.1650191641923805
0.0002613149367617853 0.00039284543069523394 0.0007343498100937236 0.00028129395218002813 0.00027588369904863684 0.0002784907657103603 0.00018274408518310957 0.00010012148072995235 0.00010012148072995235 0.00024178432470830765 0.0002562835368246077 0.000370987352178012 0.00028968507123697577
0.0 0.0 4.6662975106858216e-05 0.0006224324660774307 0.000933968431867003 0.0014006910075637315 0.0 0.0 0.0 0.00020747748869247689 0.00031132281062233434 0.0004824513275568632 0.0003337505422905581
0.0007062083561263015 0.0009717208267037271 0.0013699779126010007 0.07039391027640958 0.04155827358552111 0.043724897397700066 0.006396590708889448 0.00655181121547666 0.005672557023600497 0.025832236447141776 0.0163606018759005 0.016922477444633856 0.019705105255892044
0.002140869192892314 0.004063839219742869 0.004555067512607776 0.0 0.0 0.0 0.08246304617514401 0.04767766380541158 0.04164684009096265 0.028201305122678776 0.017247167675051484 0.01540063586785681 0.020283036221862356
0.00021667172234018792 0.00029807002369385715 0.00035767549944506105 0.6513029315960912 0.6862388741320657 0.35919540229885055 0.0 0.0 0.0 0.2171732011061438 0.22884564805191987 0.1198510259327652 0.18862329169694295
0.0 0.0 0.0 0.0 0.0 0.0 0.0 9.318159228704901e-05 9.318159228704901e-05 0.0 3.106053076234967e-05 3.106053076234967e-05 2.0707020508233112e-05
0.07891371658420808 0.09246193634424128 0.015302987332198906 0.00031343049678733746 0.00018398586988519283 0.00018959023231123135 0.003536067892503536 0.003588087549336204 0.003588087549336204 0.02758773832449965 0.03207800325448756 0.006360221704615448 0.022008654427867553
0.0 0.0 0.00021450941696340468 0.0 0.0 0.0 0.0 0.0 0.0 0.0 0.0 7.150313898780156e-05 2.383437966260052e-05
0.0 0.0 0.0 0.0004099187730185157 0.00037874005807347563 0.00039286703134704755 0.0 0.0 0.0 0.0001366395910061719 0.00012624668602449188 0.00013095567711568252 0.0001312806513821154
0.00038181054560726966 0.0003057239965927588 0.0003900484925152857 0.0014284230209848329 0.001363990646921278 0.001753428927680798 0.00023818030248898416 0.00017956674136643106 0.00017956674136643106 0.0006828046230270289 0.0006164271282934893 0.0007743480538541717 0.0006911932683915633
0.0 0.0 0.0 0.0 0.0 0.0 0.0 0.0 0.0 0.0 0.0 0.0 0.0
0.0 0.0 0.0 0.0 0.0 0.0 0.0 0.0 0.0 0.0 0.0 0.0 0.0
0.0 0.0 0.0 0.0 0.0 7.746413410590897e-05 0.0 0.0 0.0 0.0 0.0 2.582137803530299e-05 8.607126011767663e-06
0.0068846815834767644 0.0016332885578214677 0.0019230886635449545 0.0013189567052461504 0.0012693577050012694 0.001513317191283293 0.1064116758740378 0.09699589647728951 0.08453362401546306 0.03820510472092024 0.03329951424670408 0.029323343290097104 0.03360932075257381
0.0 0.0 0.0 0.0 0.0 0.0 0.0 0.0 0.0 0.0 0.0 0.0 0.0
0.0 0.0 0.0 0.0 0.0 0.0 0.0 0.0 0.0 0.0 0.0 0.0 0.0
0.0 0.0 0.0 0.0 0.0 0.0 0.0 0.0 0.0 0.0 0.0 0.0 0.0
0.0 0.0 0.0 0.0 0.0 0.0 0.0 0.0 0.0 0.0 0.0 0.0 0.0
0.0 0.0 0.0 0.0 0.0 0.0 0.0 0.0 0.0 0.0 0.0 0.0 0.0
0.0 0.0 0.0 0.0 0.0 0.0 0.0 0.0 0.0 0.0 0.0 0.0 0.0
0.0 0.0 0.0 0.0 0.0 0.0 0.0 0.0 0.0 0.0 0.0 0.0 0.0
0.0 0.0 0.0 0.0 0.0 0.0 0.0 0.0 0.0 0.0 0.0 0.0 0.0
0.0 0.0 0.0 0.0 0.0 0.0 0.0 0.0 0.0 0.0 0.0 0.0 0.0
0.0 0.0 0.0 0.0 0.0 0.0 0.0 0.0 0.0 0.0 0.0 0.0 0.0
