86.54573018028829 75.65388879899248 72.45792504917101 50.89792442399656 44.360226433480484 39.59845582619223 79.48723863359388 61.77420929160136 57.731541679454764 72.31029774595957 60.59610817469144 56.59597418493934 63.16746003519678
86.54573018028829 75.65388879899248 72.45792504917101 50.89792442399656 44.360226433480484 39.59845582619223 79.48723863359388 61.77420929160136 57.731541679454764 72.31029774595957 60.59610817469144 56.59597418493934 63.16746003519678
86.54573018028829 75.65388879899248 72.45792504917101 50.89792442399656 44.360226433480484 39.59845582619223 79.48723863359388 61.77420929160136 57.731541679454764 72.31029774595957 60.59610817469144 56.59597418493934 63.16746003519678
86.54573018028829 75.65388879899248 72.45792504917101 50.89792442399656 44.360226433480484 39.59845582619223 79.48723863359388 61.77420929160136 57.731541679454764 72.31029774595957 60.59610817469144 56.59597418493934 63.16746003519678
86.54573018028829 75.65388879899248 72.45792504917101 50.89792442399656 44.360226433480484 39.59845582619223 79.48723863359388 61.77420929160136 57.731541679454764 72.31029774595957 60.59610817469144 56.59597418493934 63.16746003519678
86.54573018028829 75.65388879899248 72.45792504917101 50.89792442399656 44.360226433480484 39.59845582619223 79.48723863359388 61.77420929160136 57.731541679454764 72.31029774595957 60.59610817469144 56.59597418493934 63.16746003519678
86.54573018028829 75.65388879899248 72.45792504917101 50.89792442399656 44.360226433480484 39.59845582619223 79.48723863359388 61.77420929160136 57.731541679454764 72.31029774595957 60.59610817469144 56.59597418493934 63.16746003519678
86.54573018028829 75.65388879899248 72.45792504917101 50.89792442399656 44.360226433480484 39.59845582619223 79.48723863359388 61.77420929160136 57.731541679454764 72.31029774595957 60.59610817469144 56.59597418493934 63.16746003519678
86.54573018028829 75.65388879899248 72.45792504917101 50.89792442399656 44.360226433480484 39.59845582619223 79.48723863359388 61.77420929160136 57.731541679454764 72.31029774595957 60.59610817469144 56.59597418493934 63.16746003519678
86.54573018028829 75.65388879899248 72.45792504917101 50.89792442399656 44.360226433480484 39.59845582619223 79.48723863359388 61.77420929160136 57.731541679454764 72.31029774595957 60.59610817469144 56.59597418493934 63.16746003519678
79.46705760011538 70.88383628615712 68.60471632748028 44.97257121574977 39.064437424991624 35.266470527435786 74.01838095583979 58.041973257374465 53.884738301563985 66.15266992390166 55.99674898950773 52.58530838549334 58.244909099634256
84.18176246022901 72.5771532526876 69.47137511865094 44.42525402713343 39.17067827103698 35.11334266754332 79.63667764977991 60.5416196149239 56.396741950720575 69.4145647123808 57.42981704621616 53.660486578971614 60.168289445856175
81.16243949769058 70.42782602820374 65.83241180837535 51.29464961309254 45.09213711150224 40.89883731779981 83.05037414424531 64.25668102062295 60.083436392249546 71.83582108500947 59.92554805344298 55.604895172808234 62.4554214370869
84.35332502206073 72.78050851544346 69.75115780462485 47.11095874010036 40.98611506084004 37.01949452636135 73.32074997057963 58.27126346718027 54.69073618451282 68.26167791091358 57.345962347821256 53.82046283849967 59.809367699078166
83.21183597174034 73.26597709751985 69.38799832774968 48.39430903194004 41.9404761137338 37.749172886610616 72.68346961424943 55.93341925889075 52.43120786155829 68.09653820597661 57.046624156714806 53.189459691972864 59.44420735155476
84.72184082304102 74.27875913703382 69.67597164283373 49.33981806728685 43.44605277711137 39.10143836633871 76.2071853183181 59.577402769837725 55.981653552066625 70.08961473621532 59.100738227994306 54.91968785374635 61.37001360598533
84.88945578573613 72.97467128062578 70.08767214641964 44.39191067581283 38.36690353630902 34.29820920251862 71.31312482282505 54.93390141208781 51.38615254721027 66.86483042812468 55.425158743007536 51.924011298716174 58.07133348994947
82.06403549015934 70.75581623577746 66.90474437835246 49.0335437769745 42.723397228247286 38.35117925516967 75.66677913078024 60.17666322809796 56.846531629436456 68.92145279930469 57.88529223070757 54.03415175431953 60.28029892811058
86.26696603322968 73.25957407312036 70.14877210000287 40.624585482742624 35.48528582311049 31.746979806297148 74.48038640610928 53.10430806922951 49.71060064335363 67.12397930736053 53.94972265515346 50.53545084988455 57.20305093746617
83.1998735017758 72.21439119810225 69.0195707707423 45.37670990260237 39.66027634253561 35.791912491079636 76.34448681641145 59.27549270719875 55.60381935779001 68.30702340692987 57.050053415945534 53.47176753987065 59.60961478758202
68.13293683776519 60.78075770992517 58.36823258303602 26.46779679487588 25.383643541626476 22.30489514543299 65.63356315193323 50.76156937671599 47.20875967848783 53.411432261524766 45.641990209422545 42.62729580231895 47.22690609108875
77.62479243064804 66.93414021558077 62.82842841455041 44.30888237441285 37.8614354905761 32.96388930411929 59.79250541247054 46.93621534921717 43.767075443819095 60.57539340584381 50.57726368512468 46.519797720829594 52.55748493726602
82.37737467381567 69.01843021622682 64.31615702784919 41.087372513908974 36.18362520649043 32.67056479148391 69.57137888996334 51.701623862445565 48.04997829838512 64.34537535922932 52.3012264283876 48.34556670590607 54.997389497841
75.41368092688573 63.761658878256725 61.58008166130432 31.46413551406872 26.884921109075112 23.19169443214937 69.52432304543869 52.89421303841131 49.256475136558464 58.800713162131046 47.846931008581045 44.67608374333739 50.4412426380165
79.40535106727256 67.53531593320942 62.90346386077049 20.313257151325015 18.090379824258633 16.17302798716314 68.75604171069794 50.5592274987825 47.16856500173739 56.15821664309851 45.39497441875019 42.08168561655701 47.87829222613524
68.98753102958294 58.937759861298275 55.47733691201218 34.20751390034321 29.782529514994728 26.77742178905901 66.56358999495056 52.372568923726305 48.655562083952894 56.586211641625574 47.0309527666731 43.63677359500803 49.084646001102236
61.62657297432914 55.985412168179536 53.53039547266617 32.9886336455024 29.123311664041857 26.108809340626266 61.48459159773611 46.2052318932835 43.22066055246198 52.033266072522544 43.771318575168294 40.953288455251474 45.58595770098078
70.10732829574692 59.723977067207 57.37587524731822 36.534367539167775 31.384251953340854 28.148663674203956 65.53079534886412 48.58828628381994 45.20107728187258 57.39083039459294 46.565505101455926 43.57520540113159 49.177180299060154
78.60101599698709 68.33225247515708 65.2888823280405 42.16116337509467 36.174226354661 32.5757635343599 66.59147817135513 50.2250226352596 46.722490855832106 62.45121918114563 51.5771671550259 48.19571223941083 54.07469952519413
76.12178647787661 65.88490578499034 61.58863288546714 38.404545753157734 33.78975338015068 30.266099692120157 70.24879489918881 50.375570716594076 46.574074717460334 61.59170904340772 50.016743293911695 46.142935765015885 52.58379603411177
66.57676525267841 56.64422133117974 53.39967837114371 23.13625745581434 18.922936447602652 16.832352216370435 52.82669223548127 41.42904177184016 39.10078635637058 47.513238314658004 38.99873318354085 36.44427231462824 40.9854146042757
39.51350945950095 29.173561813341344 27.36639039229826 6.1262185636833575 5.549863389057705 5.146100207414516 31.595120991806308 20.65740286158291 19.459540140274072 25.744949671663537 18.46027602132732 17.324010246662283 20.509745313217714
31.12985785742291 30.671391988305942 30.776398515486243 6.9970971537807305 5.934880831033826 5.386190614126488 57.748200868799884 41.66454126712086 38.47022432657158 31.958385293334505 26.090271362153544 24.877604485394773 27.642087046960942
38.82074519800869 34.738514562017144 32.59408354687123 5.072660742203334 4.441219608224585 4.176615938492791 41.16268625785725 30.94266043880973 28.997950307634234 28.35203073268976 23.37413153635049 21.92288326433275 24.549681844457666
65.47949287280346 55.950199850224095 53.71367736831164 13.58533282590296 10.43681438920639 8.860017088227796 52.02019149310046 37.162600250406804 34.489928732382644 43.6950057306023 34.5165381632791 32.35454106297403 36.85536165228514
68.16300576322905 54.14532051612922 50.65671147695022 8.346403542111858 8.05539066576935 7.32345355779751 65.22520122426569 44.72707750153361 41.28476655315369 47.24487017653553 35.64259622781072 33.08831052930047 38.65859231121558
5.617901599081889 9.400071023148714 11.483884382594693 3.162538576686744 3.7832064931641556 4.52928172159538 38.03532496522343 28.386268777013857 26.769268526222756 15.605255046997355 13.856515431108908 14.260811543470943 14.574194007192403
4.898122344387201 8.835429203091758 10.40106268017839 0.31210673678746287 0.4279492367292518 0.5629360659665824 7.341467400184909 8.2468975010884 7.859593189886195 4.183898827119858 5.836758646969803 6.274530645343723 5.431729373144462
18.655301854225037 18.49062419315175 17.745179273486748 32.29760901905866 28.90715284236291 26.505916366994054 42.03051238162524 29.681115549045767 27.299112298865946 30.994474418302982 25.692964194853474 23.850069313115583 26.84583597542401
16.253166572442705 17.742372124989583 19.988131457204993 1.3194506792745129 1.074506500411577 0.9796463986214788 10.181391130167764 11.400192671062293 10.760565920980916 9.251336127294994 10.07235709882115 10.57611459226913 9.966602606128426
26.778029514484885 21.663037727241562 19.971352856771578 16.018285427443686 13.068050314748206 11.24361914834399 43.42092649500824 25.298257831284648 23.523663114734134 28.739080478978934 20.009781957758136 18.246211706616567 22.331691381117878
8.618141324411868 7.428698923298639 7.498684099773051 0.07174666077311716 0.04494320005023125 0.039529227195967895 14.136232449077015 9.208218037244583 8.452074882475044 7.608706811420667 5.56062005353115 5.3300960698146875 6.166474311588836
22.111079669968696 22.956581262609376 21.889860941591927 3.0738626143170404 3.3046139162064545 3.2218607191143174 20.60889250706117 16.61094619275843 15.276273849176174 15.264611597115637 14.290713790524753 13.462665169960806 14.339330185867064
11.795018343330458 12.671052607382032 13.990827446233151 0.2604115289652246 0.2262196142440165 0.23184448322974813 10.69350984025509 6.0223987666105625 5.8209487549165235 7.582979904183591 6.3065569960788705 6.681206894793141 6.856914598351867
5.881594907015494 6.915861023832781 7.767794336403945 11.283682414350041 10.01353670024076 9.428450946604542 17.058657973531577 10.985126209429785 10.095612701153572 11.407978431632372 9.304841311167776 9.097285994720686 9.936701912506944
2.086186130360845 4.544688844715148 4.890877744140969 0.473947184243031 0.4727166274473702 0.48699060456564214 2.79681839850039 2.3250964821526674 2.075106590787424 1.7856505710347552 2.4475006514383955 2.4843249798313454 2.2391587341014985
9.03772706934097 7.97580156154039 7.810833582095303 9.526766109527632 9.111665672797603 7.872767095298011 26.34266791992934 16.78171060746692 15.98321957219164 14.969053699599314 11.289725947268304 10.555606749861651 12.27146213224309
10.465075941265386 12.704708044067207 14.14738704431237 5.962352195220187 4.277152989564352 3.8448652564866896 12.530735620349937 9.943345979586372 9.37827242886924 9.652721252278504 8.975069004405977 9.123508243222766 9.250432833302416
0.9872200020738159 1.7114683875491317 2.3738792512490092 15.11402796004337 13.449839469651073 11.814608758387553 21.333384485182954 19.470137196872056 18.138477080474185 12.478210815766714 11.543815018024086 10.775655030036916 11.59922695460924
3.336790288906396 4.1724801479250155 4.9632912889937835 13.343179399892527 13.673449598134225 13.271060430189769 13.084223923331983 10.623414128470205 10.115173180800394 9.921397870710303 9.489781291509816 9.449841633327981 9.6203402651827
0.8309093026631945 0.9183976089845441 0.9836532382286408 1.625551151333184 1.6885493271168661 1.7856576373116668 4.0690807464366285 2.5442556449291627 2.48034783777264 2.175180400144336 1.717067527010191 1.7498862377709825 1.8807113883085032
5.524293193671233 5.228840942420811 5.711507050007366 3.2613465038556284 1.7075911368594952 1.421813969168056 6.331800838664369 3.6671494231476434 3.2298307800634793 5.0391468453970765 3.5345271674759835 3.4543839330796344 4.009352648650898
0.4783824807563132 0.8324838604846982 0.8665845587183533 0.0014666666666666667 0.0023401544501937127 0.0024700345804841263 5.493274024335175 2.016445275814891 1.8298349659514113 1.9910410572527184 0.9504230969165942 0.8996298530834163 1.280364669084243
6.566873053276923 7.2850137735235 6.946692992840503 3.5561287824272614 2.908209150623625 2.6244822353778017 0.7207316845259555 1.624682514112312 1.554248545589896 3.614577840076713 3.9393018127531456 3.7084745912694004 3.754118081366419
4.276725252510192 3.834800164977714 4.193681653946565 0.28351867162470523 0.1669477459861376 0.14595754172120182 0.023976421774141738 0.11447628827174218 0.0870376559714795 1.5280734486363465 1.3720747330785314 1.4755589505464155 1.4585690440870978
0.7178485884691872 1.0465514878310707 1.0530630531916723 0.2709266216239095 0.24823092274408992 0.38435565696221113 1.4534763448381018 0.7985686135578923 0.6532829355356745 0.8140838516437329 0.6977836747110177 0.696900548563186 0.7362560249726455
10.147130502260534 9.675982144425841 9.54370459104908 0.007136060894386299 0.00901735231039189 0.009260161809143191 5.930499479682788 3.4332634763431455 3.2146324605298657 5.361588680945903 4.372754324359793 4.25586573779603 4.663402914367242
0.24231410657557612 0.31102675256392626 0.3922950160197393 0.09081602058462233 0.08933513614796748 0.09277852686862446 4.987638035187956 1.9165909848573186 1.9049294259527167 1.7735893874493849 0.7723176245230707 0.7966676562803602 1.114191556084272
0.4858221511041686 0.8747597671998191 1.2494723005066033 0.18467223455137724 0.27429661083404827 0.27798947658536927 0.8361134648441059 0.6688059612303361 0.656714297373539 0.5022026168332173 0.6059541130880678 0.7280586914885038 0.6120718071365964
12.221531270936785 12.322097928841266 11.80069263413996 7.456689180130735 6.463867441819987 6.32069921666219 0.42381124705261297 0.4616411566159986 0.4314703596907912 6.700677232706711 6.415868842425749 6.184287403497646 6.4336111595433705
0.05233389728290166 0.15202755518511318 0.15258376331088797 0.015689118128286567 0.0129643564793403 0.004344607858912883 0.027763095702042852 0.017728777056732717 0.011854862051553993 0.03192870370441036 0.06090689624039539 0.056261077740451616 0.04969889256175246
0.021616681198094817 0.12049518135259064 0.132123419810213 0.018517224958328287 0.013970188267241604 0.011278328290917928 0.20997826572218037 0.39973385172726 0.34956015262912743 0.08337072395953449 0.17806640711569743 0.16432063357675278 0.1419192548839949
0.007663487738419619 0.002338460394843617 0.003220053502427425 0.0 0.0 0.0 0.0 0.0 0.0 0.0025544959128065395 0.0007794867982812057 0.0010733511674758083 0.001469111292854518
2.107988511243803 2.1218580592593965 2.454641127064482 0.8531588459616145 0.668598258733222 0.5557909962937732 0.078670171940636 0.046525784325092315 0.037789851666407324 1.0132725097153512 0.9456607007725704 1.0160739916748875 0.9916690673876027
1.63323873916979 2.0363316024714107 2.3281190401908796 0.5073431235675546 0.5194457326400075 0.4617515047737651 0.018796992481203006 0.22684186074393786 0.22877708155586945 0.719792951739516 0.9275397319517853 1.006215875506838 0.8845161863993798
0.007385524372230429 0.07827717508262916 0.10271724967778073 0.0 0.0 0.0 0.00016226390601674565 0.00014463407578825573 0.00014463407578825573 0.0025159294260823912 0.026140603052805803 0.034287294584522995 0.020981275687803735
0.0 0.00040791589939628446 0.0006409509381191004 0.06585176438776329 0.08031010113159168 0.10167830928054042 0.0 0.0 0.0 0.02195058812925443 0.026906005676995987 0.03410642007288651 0.02765433795971231
0.1164945308515825 0.3459442389696737 0.3510429452526863 0.019146575133200325 0.010396265023448394 0.011069232761981773 0.0037128712871287127 0.0024319066147859923 0.0024319066147859923 0.046451325757303846 0.11959080353596935 0.1215146948764847 0.09585227472325263
0.7153990295764004 0.4192885327951833 0.372997549333882 0.15712621445216976 0.10023985195531467 0.07542240075449384 0.716951904538236 0.2706615968110647 0.25377373281095106 0.5298257161889354 0.2633966605205209 0.23406456096644232 0.3424289792252995
0.09006471551366368 0.18722690785954013 0.19123216777543023 7.591707830593571e-05 5.911178629907018e-05 6.65005630381004e-05 0.14339767492871244 0.09822755772267398 0.0853457154693088 0.07784610250689401 0.09517119245617106 0.09221479460259237 0.08841069652188582
0.001454611356460859 0.0010212186542607512 0.0014677395109803932 0.46717392336917735 0.38232253003737193 0.3415973413877646 0.03427449754754659 0.015098256426697404 0.015414271951961708 0.1676343440910616 0.13281400170611002 0.11949311761690223 0.13998048780469127
0.0 0.0 0.0 0.0 0.0 0.0 0.0078003120124804995 0.0042351346772827375 0.004657859078590786 0.0026001040041601664 0.001411711559094246 0.0015526196928635954 0.001854811752039336
0.00211208110391439 0.002521538138264341 0.00273143673572299 0.0003627920475983167 0.00024273415755065052 0.00028318526789326343 0.0 0.0 0.0 0.0008249577171709023 0.0009214240986049972 0.001004874001205418 0.0009170852723271056
0.001560533078099479 0.0015975875108266264 0.0018482628969144572 0.004581551618814905 0.0025227043390514633 0.00275178866263071 0.01229646278917201 0.005698867372462865 0.0033029093691144605 0.006146182495362131 0.003273053074113652 0.002634320309553209 0.004017851959676331
0.001528651292802236 0.0017927144086432739 0.0023897146680686328 0.0 0.0 0.0 0.0 0.00014498637128109956 0.00014498637128109956 0.0005095504309340787 0.0006459002599747912 0.0008449003464499107 0.0006667836791195935
0.10824035165255448 0.09509861111941291 0.06963768685223887 0.0008164598301763554 0.0004173971116119876 0.0005217246128803373 0.0 0.0 0.0 0.03635227049424361 0.03183866941034163 0.023386470488373067 0.03052580346431944
0.013384166125892277 0.07748588626043179 0.06663651063376702 0.0010221813349688236 0.0012686330478908975 0.0014271216541925662 0.0 0.010427528675703858 0.010427528675703858 0.004802115820287034 0.029727349328008846 0.02616372032122115 0.02023106182317234
0.18974978265673348 0.14184209080965354 0.13381881116153585 0.4825201243238941 0.30991641132188746 0.26814843976456404 0.020275593496148915 0.02116511035557002 0.022378165304340992 0.23084850015892547 0.15764120416237035 0.14144847207681363 0.17664605879936984
0.000633373934226553 0.0007305619550517509 0.0009428545217943795 0.004187604690117253 0.005443658138268918 0.005443658138268918 0.033020103010474706 0.01997474415110309 0.015895116314233 0.012613693878272839 0.00871632141480792 0.007427209658098766 0.009585741650393173
0.0 0.00019095630919645584 0.0002864235249188467 0.0 0.0 0.0 0.0 0.0 0.0 0.0 6.365210306548528e-05 9.547450830628223e-05 5.304220379058917e-05
0.0 0.0 0.0 0.0 0.0 0.0 0.0 0.0 0.0 0.0 0.0 0.0 0.0
0.0 0.0 0.0 0.0 0.0 0.0 0.0 0.0 0.0 0.0 0.0 0.0 0.0
0.00027648750276487504 0.00032477374096046414 0.0005412426932236414 0.0 0.0 0.0 0.0 8.304820117596253e-05 8.304820117596253e-05 9.216250092162501e-05 0.00013594064737880887 0.000208096964799868 0.00014540003770010065
0.0044444444444444444 0.002502207830438622 0.0022278504760564703 0.001380961148959676 0.0006392771905898398 0.0008522969402539845 0.0 0.0 0.0 0.0019418018644680403 0.001047161673676154 0.0010267158054368182 0.001338559781193671
0.0 0.0 0.0 0.0 0.0 0.0 0.0 0.0 0.0 0.0 0.0 0.0 0.0
