95.61571726531947 91.49542834236732 88.52139154788019 46.16537894886769 41.836347287174334 39.13291897987135 85.81636627510996 71.41772084698147 67.63171906227217 75.86582082976571 68.24983215884104 65.09534319667456 69.73699872842711
95.61571726531947 91.49542834236732 88.52139154788019 46.16537894886769 41.836347287174334 39.13291897987135 85.81636627510996 71.41772084698147 67.63171906227217 75.86582082976571 68.24983215884104 65.09534319667456 69.73699872842711
95.61571726531947 91.49542834236732 88.52139154788019 46.16537894886769 41.836347287174334 39.13291897987135 85.81636627510996 71.41772084698147 67.63171906227217 75.86582082976571 68.24983215884104 65.09534319667456 69.73699872842711
95.61571726531947 91.49542834236732 88.52139154788019 46.16537894886769 41.836347287174334 39.13291897987135 85.81636627510996 71.41772084698147 67.63171906227217 75.86582082976571 68.24983215884104 65.09534319667456 69.73699872842711
95.61571726531947 91.49542834236732 88.52139154788019 46.16537894886769 41.836347287174334 39.13291897987135 85.81636627510996 71.41772084698147 67.63171906227217 75.86582082976571 68.24983215884104 65.09534319667456 69.73699872842711
95.61571726531947 91.49542834236732 88.52139154788019 46.16537894886769 41.836347287174334 39.13291897987135 85.81636627510996 71.41772084698147 67.63171906227217 75.86582082976571 68.24983215884104 65.09534319667456 69.73699872842711
95.61571726531947 91.49542834236732 88.52139154788019 46.16537894886769 41.836347287174334 39.13291897987135 85.81636627510996 71.41772084698147 67.63171906227217 75.86582082976571 68.24983215884104 65.09534319667456 69.73699872842711
95.61571726531947 91.49542834236732 88.52139154788019 46.16537894886769 41.836347287174334 39.13291897987135 85.81636627510996 71.41772084698147 67.63171906227217 75.86582082976571 68.24983215884104 65.09534319667456 69.73699872842711
95.61571726531947 91.49542834236732 88.52139154788019 46.16537894886769 41.836347287174334 39.13291897987135 85.81636627510996 71.41772084698147 67.63171906227217 75.86582082976571 68.24983215884104 65.09534319667456 69.73699872842711
95.61571726531947 91.49542834236732 88.52139154788019 46.16537894886769 41.836347287174334 39.13291897987135 85.81636627510996 71.41772084698147 67.63171906227217 75.86582082976571 68.24983215884104 65.09534319667456 69.73699872842711
92.8085072139204 88.60977299233284 87.20712128417475 41.88791794815005 38.71694131612783 37.03676339739229 80.07663011952366 69.17710671329769 65.12740341878299 71.59101842719804 65.50127367391946 63.12376270011668 66.73868493374474
95.3790572051647 90.14022416262864 87.51164925925069 42.8326649638738 38.73399539545861 36.359427098417854 81.09167230123703 65.4714222294135 61.575827839179254 73.10113149009184 64.78188059583358 61.815634732282604 66.56621560606935
94.80535616934412 89.29171320690317 86.71380843081565 42.962772024163904 40.055269584071134 37.54766197860271 86.48142403712976 70.39060228732912 66.39618070350414 74.74985074354593 66.57919502610115 63.55255037097417 68.29386538020708
95.1420698464856 89.94255114021217 87.68679554822711 38.83676389956142 35.964812388522056 34.00956962059822 84.22570834799518 67.39644199698462 63.87449441859724 72.73484736468073 64.43460184190629 61.85695319580753 66.34213413413151
94.82729762871692 89.28187728128009 87.18222046466678 42.92222294253105 39.398747875376735 37.28018803127716 80.46955582726196 66.04206878404351 62.692821098453535 72.73969213283664 64.9075646469001 62.385076531465835 66.67744443706754
95.30554199269018 91.04592322968458 88.04030467747263 41.34968221217716 38.442012224254995 35.85885942655453 83.68662587062052 68.18780282747838 64.27575611505135 73.44728335849595 65.89191276047265 62.7249734063595 67.35472317510937
95.0911766145207 89.83616165230937 87.60531685557083 40.44701903871163 36.3729195587593 34.088759945802906 81.2646638921424 66.64043738182335 63.11543126308325 72.26761984845824 64.28317286429734 61.603169354818995 66.05132068919153
94.81831076837032 88.30580124702274 86.70470006865155 40.814001601814056 37.321470051881434 34.94319717802136 84.77901258019497 69.05278131868677 65.68170375403926 73.47044165012645 64.89335087253032 62.44320033357072 66.93566428540916
95.10429814435145 89.98028062585905 87.3028036333436 39.6682588973164 36.05022158663022 34.21286024774234 80.91115943602978 64.79572730279143 61.80774532006015 71.89457215923254 63.60874317176024 61.1078030670487 65.53703946601382
95.22983397127899 89.00505961980502 87.42181414174324 40.76855779371553 37.99444473780692 35.92294857566417 83.69965643868107 68.24385922270486 64.54726174215156 73.23268273455854 65.08112119343893 62.63067481985299 66.98149291595016
93.20460204818346 86.21778198000918 83.55701465948547 33.391098937420956 31.907863285610116 30.192366811220605 74.36700940175417 58.77743951314396 54.89929697803336 66.98757012911953 58.96769492625442 56.21622614957982 60.72383040165126
94.40055459170287 87.51177588894592 84.54030679103747 37.798699843385506 33.18153932741291 30.303074152389247 70.9794765002546 57.08311180829979 53.706776191854225 67.72624364511434 59.258809008219544 56.18338571176031 61.056146121698056
95.22204230288945 87.90426874035255 84.85120747020312 30.107606296373817 28.232343170818464 26.733404149505656 83.47226865999954 65.36624339262936 61.583511736924 69.60063908642094 60.50095176793346 57.72270778554426 62.60809954663288
93.64595898362926 85.9842735055608 83.45599568323073 37.08583600677674 33.491658287736556 30.542910195143495 74.44136503093797 58.730788182266025 55.5338220691758 68.39105334044798 59.40223999185446 56.51090931585001 61.43473421605082
93.28729143978065 85.16030388792369 81.00419558872746 21.211156755735143 19.92986594803684 18.920670478066338 77.36498824160331 60.75634284501559 57.30852673253101 63.95447881237303 55.2821708936587 52.41113093310827 57.21592687971333
91.15012520891825 84.42586816618186 81.67483065290094 37.51267269162553 33.30663884644801 31.307650002303035 75.1979873934961 60.42608209422935 57.05441179348616 67.9535950980133 59.38619636895307 56.67896414956338 61.339585205509906
89.67957532446704 84.01689270338028 80.98909265375802 27.820553483771015 25.282052798140036 23.620631602469988 74.25406823712753 57.480097068048345 54.08026175276264 63.918065681788526 55.59301418985621 52.896662002996884 57.46924729154721
91.13821902198977 83.27211935127427 80.3697748233238 30.365465315202666 26.948332056257318 24.73255388430177 70.62559429115115 55.53425822588469 52.6591186946597 64.04309287611453 55.25156987780542 52.587149134095085 57.293937296005005
95.38714760436949 88.50854755112907 85.27569224934354 41.222003983898134 37.414113990099274 35.139741386333064 80.57218567356958 64.06954922504713 60.45633970700137 72.39377908727907 63.33073692209182 60.290591114226 65.33836904119896
94.06570721594825 86.81313883709045 83.73071732565106 34.95947167362353 32.347324713296054 30.656914711150023 79.0905071594591 61.13858993487595 57.44909393543715 69.37189534967696 60.09968449508748 57.27890865741275 62.25016283405906
88.9377724363143 80.78961895413678 79.07929666142391 30.371384913829036 25.683623499462893 23.975246225351157 76.68545302593103 62.7456612329707 59.07609113073058 65.33153679202479 56.40630122885679 54.04354467250189 58.593794231127816
75.76914179603887 57.30256900130415 53.804028190830046 21.31754131100999 18.542426906348688 17.427503851379928 40.46703045974221 27.001319588192217 25.73877815305735 45.85123785559702 34.282105165281685 32.32343673175578 37.48559325087816
75.93665982403873 70.28594271352931 68.63113961697394 20.372654176526037 18.18995485636184 16.93303379385684 69.18409629910147 54.17281370552257 50.59904076349988 55.164470099888746 47.54957042513791 45.387738058110216 49.36725952771229
82.90458294399382 74.21738625622577 69.94206455352497 15.325805736698978 13.091919707696945 12.89429994535006 53.984524547985544 47.896444522188744 44.9370765993122 50.73830440955945 45.06858349537049 42.591147032729076 46.132678312553
89.57712987090902 81.21168464249237 79.03048086496442 21.087680537008595 16.28567514463643 15.00120113914173 62.951986653928394 53.981177926021815 50.64756810654203 57.872265687282 50.492845904383536 48.2264167035494 52.19717609840498
91.698384058069 81.10682992618436 77.7235560477463 27.16116264632963 24.785694442601862 23.28121175785555 80.5805016115626 62.734198232572716 59.021462008844615 66.48001610532042 56.208907533786316 53.342076604815496 58.677000081307405
31.161469813554532 39.73907116228682 43.39365818677454 2.895550925607022 3.3538289584526626 4.27644921533372 46.735503301170844 36.239274464075585 33.69755770112586 26.93084134677747 26.444058194938354 27.122555034411373 26.832484858709066
38.553127010869225 45.23344147760437 47.515131115478965 1.0064705956086757 1.4128589725437726 1.7384956625450945 12.686183816463185 15.675434081970502 14.447672935670733 17.415260474313694 20.773911510706217 21.233766571231595 19.80764618541717
55.36988859383184 50.954221500769215 48.145211585323636 31.326769947863713 29.54390800312861 28.020259921185737 53.494780368243525 37.86897115208563 35.99014682533426 46.73047963664636 39.45570021866115 37.38520611061455 41.19046198864069
58.28961051899286 54.39449002280392 55.59782853629531 2.3741851019141484 2.1513587874010067 2.2339186064397465 11.833922185325097 14.716449204890397 13.93960917718086 24.165905935410702 23.75409933836511 23.92378543997197 23.94793023791593
66.30560652613585 52.02938666927649 49.143379526863754 21.38338774120631 18.91232742329179 16.727500080281068 60.26644977619877 38.68579363381085 36.47584101356961 49.318481347846976 36.54250257545971 34.11557354023814 39.992185821181614
29.565025048810345 25.48159213042614 25.475511554784852 3.7783039285006716 3.2562324391733664 3.2486946664062364 27.602703213413708 18.87363701166614 17.064664536734487 20.31534406357491 15.870487193755215 15.262956919308527 17.149596058879546
75.62443025115459 67.38886103179141 64.93626354408786 5.26532985406209 5.648696160845666 6.109889343514894 29.890656867989613 23.03290352706923 21.922805068350108 36.92680565773543 32.02348690656876 30.98965265198429 33.31331507209617
51.29807228245643 48.82541080223493 50.25471603749867 3.1655021310074534 2.418316529306776 2.7804330592044284 20.47884801665717 13.885616431609154 13.082055669346987 24.980807476707017 21.709781254383618 22.039068255350028 22.90988566214689
42.065472649037424 41.53278311360136 42.088425494764195 17.909285313410994 15.636995552059323 14.91762346534612 30.443834604757193 20.025500071651965 19.118179891588674 30.139530855735206 25.731759579104217 25.37474295056633 27.082011128468583
9.372711191237585 16.562630638009875 17.56666475542611 0.6037469333479272 0.806906916981932 0.8778115627831545 6.2290670096298 6.8747651214900465 6.353560256496444 5.401841711405105 8.081434225493952 8.266012191568569 7.249762709489207
40.004723847904486 34.94444425149246 34.136750689816765 9.808083459709621 9.611123131283085 9.44798912105415 50.28394767728286 32.597891239705454 31.171607885039226 33.36558499496565 25.717819540826998 24.918782565303378 28.000729033698676
54.40399009938351 52.43109622336976 53.92954105408345 9.631878423268008 7.45769356076792 6.870428961058941 39.40522953556759 30.910107296161765 28.628984573267065 34.480366019406375 30.26629902676648 29.809651529469818 31.518772191880892
18.71142133290391 23.476485503425877 26.017206330701924 18.12951183371166 16.83083591878472 15.417727184968152 24.526703513852386 27.07525476323937 25.451973444035218 20.455878893489317 22.460858728483327 22.2956356532351 21.73745775840258
35.16640660845046 35.79027943018564 36.80272681678315 11.959484588581851 12.266113293792106 12.548528535099654 35.240987797367424 25.972283408176672 24.53424628190018 27.45562633146658 24.67622537738481 24.628500544594328 25.586784084481906
11.419067156407323 12.011053526998875 11.717639002343134 3.295837502339437 3.40302405768134 3.965501203675205 8.161927004921818 7.588252886421016 7.175228814290002 7.625610554556192 7.667443490367077 7.61945634010278 7.637503461675349
27.378491740258877 26.96487669485194 29.339355137609356 5.964663622484374 3.955592121030006 3.612294013874858 12.79202880983665 12.538027332094437 11.585051009628186 15.378394724193301 14.486165382658795 14.8455667203708 14.9033756090743
5.030506499533218 7.8846689673169825 7.9972657451800115 0.26038549666120964 0.333758072030379 0.3511915697136444 9.396631038884722 4.386613772597828 3.963391779912734 4.89584101169305 4.201680270648397 4.103949698268797 4.400490326870081
41.55821984438218 38.847442639836515 35.2194810871524 12.824999492448455 10.761085856655086 9.801551213285885 3.299267687684705 8.700040045627008 7.951927482413165 19.227495674838448 19.436189514039537 17.657653260950482 18.773779483276154
39.60403783418233 29.935720179757226 30.405160341367083 3.2620179804635927 2.302702160331642 2.3168067621348616 1.4950184846633352 2.16130143845283 1.9867523781815728 14.787024766436417 11.466574592847232 11.569573160561172 12.607724173281607
18.377481921656454 19.35102146770339 18.58818748512005 3.5755509014734983 3.6370949327044406 3.940616107924739 6.488246681261131 5.011921802567213 4.631366757549686 9.480426501463695 9.333346067658347 9.053390116864824 9.28905422866229
46.94252754089436 41.26167915081057 39.04253140271048 0.36889291599475965 0.4215769511485003 0.42154974594337824 9.814642355934836 8.361012957924597 7.967667613547611 19.042020937607983 16.681423019961226 15.810582920733824 17.17800895943434
6.4719648721426175 7.36993748196627 8.613945730907535 1.677218597042359 1.80261198089584 1.9179706682110942 10.980929190317623 5.164004973885132 5.004943806721711 6.3767042198342 4.7788514789157475 5.17895340194678 5.44483636689891
11.083220655621409 14.979500308434158 18.045741573176283 3.096708162679996 3.2792693960475807 3.247185833928322 1.6059831422807578 1.5266362913282419 1.5460242473056718 5.261970653527388 6.59513533193666 7.612983884803426 6.4900299567558255
46.82849790448994 43.673961267377535 42.40958228377686 16.754932743358133 14.742334784203297 14.890432302513693 9.687249876487204 8.468150479141464 8.195168249722752 24.423560174778427 22.294815510240767 21.831727612004432 22.850034432341204
1.6709019639741898 4.367389372787677 4.715367332158429 0.05377894088434074 0.061514107913714026 0.06312638234502108 0.10546244272444837 0.15729953403005908 0.15195325327080614 0.6100477825276597 1.528734338243817 1.6434823225914188 1.2607548144542986
2.625775824003371 4.910351405894444 4.8396009199234635 0.14205084409171687 0.19191516658702973 0.25930964768327897 2.758359906668497 2.3652689998933822 2.0910809954130047 1.8420621915878617 2.4891785241249518 2.396663854339916 2.242634856684243
0.11300487617112408 0.6628119500392431 0.9129855387805765 0.0012463258203505583 0.0028830889319027496 0.003568971465079578 0.0008659745262794447 0.010971637030343137 0.008864762562968842 0.038372392172584695 0.22555555866716295 0.30847309093620834 0.19080034725865197
18.240515745877563 18.528634623458572 20.041340042919842 1.1213901402591564 1.273971259075787 1.2646279042803756 0.7249087674282384 0.820281592943627 0.8158049136263726 6.695604884521653 6.8742958251593285 7.373924286942196 6.981274998874393
12.82785129268477 14.57095116403599 15.635469997912683 1.3253389766808423 1.5344719398428737 1.7036590883164775 2.092183386634041 3.076236703661067 2.9208806574076744 5.4151245519998845 6.39388660251331 6.753336581212278 6.187449245241824
1.8210675737016722 4.398681369835722 5.531961796365768 0.0010660966814218548 0.002673450317291277 0.003135808069160596 0.006325075367887279 0.006449225558285919 0.0065101812448514484 0.6094862485836604 1.4692680152370998 1.8472025952265934 1.3086522863491177
0.0031149658358700263 0.016649972517162253 0.02790000210124801 0.0670179632647984 0.11437239163442901 0.15152433084729486 0.05408350783931994 0.05453480898750272 0.05833311234876269 0.04140547897999613 0.06185239104636466 0.07925248176576853 0.060836783930709765
2.8675814063589535 6.395623109534535 6.6081621915027196 0.02675305799405173 0.03622490179802254 0.035356074308464984 0.03891521596356354 0.05014800515891004 0.03747977015540538 0.9777498934388563 2.1606653388304893 2.226999345322197 1.788471525863847
12.968337030066603 7.732333349067084 8.111629403152683 0.3143701839274459 0.22946630969587706 0.22519706901126024 3.6224334902853794 2.238585634019876 2.0287469571662218 5.635046901426477 3.4001284309276123 3.455191143110055 4.163455491821381
5.765411733664603 8.706266579482142 8.45744191948978 5.201440854202273 4.594080523762579 4.478849094448775 0.5449466656979838 1.35236763457597 1.1100104737334826 3.8372664178549534 4.884238245940231 4.682100495890679 4.467868386561954
1.380331564476016 1.7706943186282815 2.1655325348167334 3.677785415168764 4.242611051352648 4.283352900643945 3.057786785054576 2.041825922273082 1.857255539942423 2.7053012548997852 2.68504376408467 2.7687136584677003 2.719686225817385
0.0018250026900597472 0.0028161066496984804 0.0038054344749681593 0.012220630655434172 0.016079746879700832 0.01740446243916371 0.1803672578930841 0.14473368766460346 0.11274831758462656 0.06480429707952601 0.05454318039800093 0.04465273816625281 0.054666738547926585
0.006971265706009027 0.008697841392744902 0.010079038680463047 0.0005056797069641505 0.0006513200656515961 0.0008044799117847595 0.0 0.0014534978958139603 0.0018086408623315363 0.002492315137657726 0.0036008864514034864 0.004230719818193114 0.0034413071357514416
0.45840206841223274 0.43889776876504416 0.5604221979732603 0.14017947808250206 0.1298388010932703 0.1447167812294961 0.23677982635879646 0.11784155749657896 0.10966446789397845 0.2784537909511771 0.22885937578496449 0.27160114903224497 0.25963810525612885
0.004732535399443284 0.007344086009464475 0.0379926945264199 0.0005788893993264709 0.0008131037786223048 0.0011754329451278322 0.00110609590330593 0.009195981544959288 0.008671766136120638 0.002139173567358562 0.00578439044434869 0.015946631202556124 0.00795673173808779
2.803028235524669 3.07157211587653 2.9708573301040597 0.028305256988359936 0.027397124492475985 0.034240541018292076 0.0037015299233338268 0.0010055071329916603 0.000960390394465003 0.9450116741454542 1.0333249158339992 1.0020194205056054 0.9934520034950195
1.269161157794096 3.0383995402514787 3.3123999525024215 0.014706935825957017 0.0427692148705247 0.038495011533888616 0.018623336712483486 2.178821534483685 1.9986119300797345 0.43416381011084554 1.7533300965352296 1.7831689647053484 1.3235542904504742
6.449683276399776 4.97433436051876 4.75010803745521 1.435090845395519 1.0024656376559613 1.0261440947301355 0.06810926407791969 0.1267643354087256 0.1262879997505919 2.6509611286244046 2.0345214445278157 1.967513377311979 2.2176653168213996
0.03925090032986432 0.03709606041580713 0.059270573607942495 0.02159535209011531 0.02271195409212899 0.02625914732599266 0.5948278565871933 0.27106767829574735 0.2739784317366354 0.21855803633572432 0.11029189760122782 0.11983605089019018 0.14956199494238076
0.0005421139542337188 0.007877063988058415 0.007440199162945026 0.004037471823823896 0.002982695205670057 0.0033001552203816595 0.015080454498801955 0.0126097227664078 0.0126097227664078 0.00655334675895319 0.007823160653378756 0.007783359049911495 0.007386622154081148
0.0 0.0 0.0 0.0 0.0 0.0 0.0 0.0 0.0 0.0 0.0 0.0 0.0
0.0003868805575648638 0.0003657292530393277 0.00045744589606050174 0.0 0.0 0.0 0.0 0.0 0.0 0.0001289601858549546 0.00012190975101310923 0.00015248196535350058 0.0001344506340738548
0.00708892330265865 0.01113778749476395 0.01817442119848971 0.0021749626272950756 0.0026038380351994135 0.004294427526259881 0.0016700925562721863 0.003888536820707199 0.0034704266456425494 0.0036446594954086375 0.005876720783556854 0.008646425123464047 0.006055935134143179
0.0031980510734850687 0.007554203586492516 0.00939513477461493 0.007545627195294289 0.009399292039806696 0.010227506057279831 1.0078855806057106e-05 2.5967677606429684e-05 3.167998901456004e-05 0.003584585708195138 0.005659821101301882 0.006551440273636441 0.0052652823610444864
