92.04135072164046 87.71036078151727 84.98904853245664 56.97360545803662 50.530107416128885 46.423945995196206 82.65593613749796 64.90073300564987 61.17107746842898 77.22363077239169 67.71373373443201 64.19469066536061 69.71068505739476
92.04135072164046 87.71036078151727 84.98904853245664 56.97360545803662 50.530107416128885 46.423945995196206 82.65593613749796 64.90073300564987 61.17107746842898 77.22363077239169 67.71373373443201 64.19469066536061 69.71068505739476
92.04135072164046 87.71036078151727 84.98904853245664 56.97360545803662 50.530107416128885 46.423945995196206 82.65593613749796 64.90073300564987 61.17107746842898 77.22363077239169 67.71373373443201 64.19469066536061 69.71068505739476
92.04135072164046 87.71036078151727 84.98904853245664 56.97360545803662 50.530107416128885 46.423945995196206 82.65593613749796 64.90073300564987 61.17107746842898 77.22363077239169 67.71373373443201 64.19469066536061 69.71068505739476
92.04135072164046 87.71036078151727 84.98904853245664 56.97360545803662 50.530107416128885 46.423945995196206 82.65593613749796 64.90073300564987 61.17107746842898 77.22363077239169 67.71373373443201 64.19469066536061 69.71068505739476
92.04135072164046 87.71036078151727 84.98904853245664 56.97360545803662 50.530107416128885 46.423945995196206 82.65593613749796 64.90073300564987 61.17107746842898 77.22363077239169 67.71373373443201 64.19469066536061 69.71068505739476
92.04135072164046 87.71036078151727 84.98904853245664 56.97360545803662 50.530107416128885 46.423945995196206 82.65593613749796 64.90073300564987 61.17107746842898 77.22363077239169 67.71373373443201 64.19469066536061 69.71068505739476
92.04135072164046 87.71036078151727 84.98904853245664 56.97360545803662 50.530107416128885 46.423945995196206 82.65593613749796 64.90073300564987 61.17107746842898 77.22363077239169 67.71373373443201 64.19469066536061 69.71068505739476
92.04135072164046 87.71036078151727 84.98904853245664 56.97360545803662 50.530107416128885 46.423945995196206 82.65593613749796 64.90073300564987 61.17107746842898 77.22363077239169 67.71373373443201 64.19469066536061 69.71068505739476
92.04135072164046 87.71036078151727 84.98904853245664 56.97360545803662 50.530107416128885 46.423945995196206 82.65593613749796 64.90073300564987 61.17107746842898 77.22363077239169 67.71373373443201 64.19469066536061 69.71068505739476
90.67481559226103 85.35361377489042 84.6599976988395 52.939681027572874 46.3207555290186 42.83541664293373 76.55296488120912 63.246156618849334 59.200979124806295 73.38915383368101 64.97350864091946 62.23213115552651 66.86493121004231
91.48939618874718 86.2523639793307 83.9773569029446 54.2305478796804 48.029894134455795 43.6016339676892 81.91375575562813 64.09656649118747 59.97831372761711 75.87789994135191 66.12627486832466 62.51910153275031 68.17442544747561
91.43802286226232 87.06179145348385 84.09686204813583 57.78916273674108 51.940914680034865 47.92561842552359 84.53820194554862 66.3725431973494 62.513629809217655 77.921795848184 68.4584164436227 64.84537009429236 70.408527462033
91.68690446073278 86.88366749854495 84.56602199787146 52.37756943586024 46.8635729860735 43.12088776487241 78.0824573016483 62.7024568114428 58.91369516709063 74.04897706608044 65.48323243202042 62.20020164327817 67.24413704712634
91.03387685289027 85.5096786690966 83.60931470046673 56.43891736517601 49.723263080468186 45.42823663821235 76.52661275555671 60.528604574845446 57.42835544349205 74.66646899120765 65.25384877480342 62.15530226072371 67.35854000891158
91.7012537359167 87.67073278060137 84.80397575573019 55.47181266546026 49.44525373530613 45.440851204548984 81.18324758866416 64.16579407726607 60.24166195479525 76.1187713300137 67.0939268643912 63.4954963050248 68.9027314998099
91.67333732646463 85.24455286815072 84.0629203072569 51.1900095137801 45.36921529842366 41.10764226643862 77.03225036135471 59.86762024327751 56.49308297797063 73.29853240053315 63.4937961366173 60.55454851722205 65.7822923514575
91.60916769253625 86.64489417491174 84.34152832877115 55.64413140252707 49.71454392812096 45.54535993175417 81.70076865435142 64.80083000096386 61.04296169317794 76.31802258313824 67.05342270133218 63.64328331790109 69.00490953412384
92.09446312928209 87.06220158433653 84.40794632231538 52.75619733089994 46.044064587348856 42.21902081782255 79.43590871711835 59.35180830041132 55.67368472571529 74.7621897257668 64.1526914906989 60.76688395528441 66.56058839058338
91.6180964959662 86.30237262762606 84.0092507182501 52.18950790429284 46.41231321805207 42.786513620311794 82.80428880663692 65.04324243337824 61.144003977127035 75.53729773563198 65.91930942635213 62.64658943856298 68.03439886684902
90.20472032848987 84.18080767335832 81.49227619673213 41.36452499467505 38.68917919193489 35.54944032361112 69.05066282720131 54.7813871905465 51.38587360505302 66.87330271678874 59.217124685279906 56.14253004179876 60.74431914795581
91.84418981202623 84.98547131981967 82.09046295533307 50.72441549620711 43.281301379460835 38.26764296237945 67.02928623085874 52.1434605907778 48.457919666772426 69.86596384636402 60.136744430019434 56.27200852816165 62.09157226818171
91.51340129443481 85.1539243655172 82.3085648084112 48.78233814863285 43.50759985602236 40.08134432697529 78.10109333018167 60.00042909903265 55.94195439200003 72.79894425774978 62.887317773524074 59.443954509128844 65.04340551346758
90.34633049766242 83.62279042031781 81.1411573801839 43.0856269953669 37.012717628673066 32.698193033512545 71.71989435407846 57.48525509664309 53.825355339324574 68.3839506157026 59.37358771521133 55.88823525100701 61.215257860640314
91.13708278144897 83.83926000969939 80.4658285531163 47.45087242031417 41.997517907759246 38.067811776419866 75.18746432407056 55.741432288516805 52.43292529159641 71.2584731752779 60.52607006865848 56.98885520704419 62.92446615032686
89.32713837992574 84.36045092145976 81.60476355373781 44.061033709242345 38.572405385506514 35.301933876763705 71.58095965113593 55.46881782808312 51.98923368579782 68.32304391343467 59.46722471168314 56.29864370543311 61.3629707768503
90.77603516941959 85.59624635231525 82.80951457534144 45.273739180260996 40.287408535941395 37.201279922030544 71.62762933218532 54.57333285704237 50.97387292295495 69.22580122728863 60.152329248433006 56.99488914010899 62.12433987194353
89.94946109759857 83.27506204158702 80.39931695928463 42.76297150030934 37.27396076691867 34.26135033525111 70.29121420589027 53.74507828090416 50.320938316752425 67.66788226793273 58.09803369646995 54.993868537096056 60.25326150049958
91.79297204056897 85.35773457343176 83.50648240038826 55.45947256403145 48.698634656154674 44.845812653367986 82.11782079958644 62.74288832364767 58.60382430603214 76.45675513472895 65.5997525177447 62.31870645326279 68.12507136857882
91.1517962159461 85.11118167744515 82.1093402445257 48.56715384990357 43.411309657869204 39.69412319706259 75.22728259387485 58.100642734467556 53.94463001558272 71.64874421990817 62.20771135659397 58.58269781905701 64.14638446518637
87.89520226490659 80.66696237186498 78.54811475590434 48.56438516774357 40.692028041927955 36.97870844608553 65.43940019349789 53.59887567691723 49.99195428177147 67.29966254204935 58.31928869690339 55.17292582792044 60.26395902229107
86.45134888032068 74.86234838903843 69.68232113473584 11.405728687873022 10.217858450895086 9.681959823183147 41.12659750080581 27.477254488105245 26.017020692325854 46.3278916896665 37.51915377601292 35.127100550081614 39.65804867192034
83.62106854660045 78.35621383561293 75.94914874009568 35.54464461310275 30.480276546224772 27.56486487090926 73.97812997028267 54.79689230884246 50.78844268249494 64.38128104332863 54.54446089689338 51.4341520978333 56.78663134601843
85.87797537246486 77.4020017106461 73.6528315862253 21.19018395066726 17.65020555553595 16.458207704369244 56.94702260915212 47.072959391837365 44.43382669443633 54.67172731076141 47.37505555267314 44.84828866167695 48.96502384170383
86.9408848004365 79.66910908584393 77.23571645734036 18.52663361350558 14.213561310075828 12.528507747343179 60.60707623885252 52.1101673313001 48.348671520548095 55.35819821759821 48.66427924240662 46.03763190841054 50.020036456138456
89.73882415006858 80.88348469399207 78.21224093395253 34.859325331611785 30.83873078749697 28.133100562177336 81.59371015395959 61.28570261158869 57.355614557107415 68.73061987854665 57.66930603102591 54.5669853510791 60.32230375355055
73.55492426865212 67.04373651378489 66.13730137058725 20.545305714618202 20.771425076027633 21.034827249947593 51.74676430305586 38.18752061358356 35.53355058556036 48.61566476210873 42.0008940677987 40.901893068698406 43.83948396620193
73.65621560633757 70.4770864654512 69.18138589584926 11.169475022030658 12.520044644553291 12.479351729027458 13.884703745650933 16.488658677425004 15.403852433959422 32.90346479133972 33.16192992914316 32.35486335294538 32.806752691142755
87.20601614631262 78.36167788584653 73.93911316563621 44.53969903624123 40.44713737921038 37.36953012244392 50.88903692825741 35.91916986495139 33.72423767782116 60.878250703603754 51.5759950433361 48.344293655300426 53.599513134080105
84.72105356969186 79.23170445066168 75.98473455721714 2.3318485974493814 1.9643853165927057 2.04097656745103 11.195426451966664 14.328143749840331 13.480547419944209 32.74944287303597 31.84141117236491 30.502086181537454 31.697646742312784
85.97544501111278 72.98482103004375 68.347114703904 24.281968343328444 20.5739213625607 17.881162678984424 52.9345661245298 31.41521370976602 28.924187072063283 54.397326492990345 41.657985367456824 38.384154818317235 44.81315555958813
82.62851052889995 67.85710900166808 63.43836937729357 4.209794963298356 4.034664955633839 3.8792831177437157 19.51901386977318 13.610716252984975 12.62135844618157 35.452439787323826 28.50083007009563 26.646336980406286 30.19986894594192
83.8162225381941 73.58009981155914 69.70849508541653 12.083165140168921 13.027059003362357 13.210153017170182 32.1214417553582 25.61644394915989 24.17784263146956 42.673609811240404 37.40786758802712 35.698830244685425 38.59343588131765
58.43663350371501 53.56794094671141 53.697531213325966 1.5476189850664543 1.1732450382815032 1.194981263176863 22.03367238252588 14.417331824217483 13.532704286960403 27.33930829043578 23.052839269736797 22.808405587821074 24.400184382664552
76.59173014147684 65.758711090893 63.90336126421615 20.39294110105946 17.564999859960857 17.098077643580552 33.51722805392463 21.642748963079526 19.99940733246481 43.500633098820316 34.98881997131113 33.66694874675384 37.38546727229509
33.27938516125516 38.826630887998306 37.20491900639517 0.8614978764305132 0.9523845326785522 1.03317713286365 5.876771594784001 5.352738012702093 4.867177758691545 13.339218210823226 15.043917811126315 14.368424632650123 14.25052021819989
81.1583569051132 67.53611008010505 64.20317399487516 29.59659528602457 27.260269341589847 25.783487928213912 35.608033414436 23.646497548075093 22.20335755488911 48.78766186852459 39.48095898992333 37.39667315932606 41.88843133925799
60.692361037263595 57.2733450108756 58.43946412033284 14.623115701610567 10.386064157837275 9.312330397007539 47.26426248568557 33.346809693863335 31.266035272211457 40.859913074853246 33.66873962085874 33.005943263183944 35.84486531963198
78.7771252556443 68.88874711530566 65.25324428211034 28.442130395114624 23.824079997307233 21.352342690020762 26.960274496804676 25.918796158654224 24.24161603593349 44.72651004918787 39.54387442375571 36.94906766935487 40.40648404743281
68.29575624862555 61.57824166716333 59.04348050488738 24.843121263782333 24.618827638537937 23.99333812131991 32.581899118005815 24.916320039561356 23.434996740973478 41.90692554347123 37.03779644842087 35.49060512239359 38.14510903809523
65.60213739591461 49.103747374542046 42.80670966856705 5.9482179932633095 6.101420377746649 6.549216251534365 11.161741435912138 7.990635811417211 7.829758554196806 27.570698941696687 21.065267854568635 19.061894824766075 22.565953873677135
40.251161451978774 41.83313318165649 42.3952939156558 5.40500858544525 2.903037160116737 2.6493017379769124 26.375320483080735 21.866297123598 20.47484093938696 24.010496840168255 22.200822488457078 21.839812197673226 22.683710508766183
16.816261849173976 21.15133982145785 20.355831162264728 1.482674530858269 1.6686286991108572 1.8305722006177365 6.974170355213389 3.239920319409665 2.975446654059449 8.424368911748545 8.686629613326124 8.38728333898064 8.499427288018436
68.32538783058844 55.646845258068424 50.37623685048249 16.366287220015476 12.668068137282459 11.631172144735913 3.75693628938253 7.410558115348169 6.933669408199 29.48287044666215 25.241823836899684 22.9803594678058 25.901684583789212
47.99789322882874 41.35914548609664 40.93872048677631 4.120753095756583 2.702097871350172 2.499150623814698 12.782451954389673 12.096120246350242 10.938798609851611 21.633699426325 18.719121201265683 18.125556573480875 19.492792400357185
24.915977171496287 26.146221498509604 25.30469588346357 0.5414434157639705 0.6590145461510986 0.9188276092932888 6.737709047479158 5.125083667139312 4.752519910052739 10.731709878246471 10.643439903933338 10.325347800936532 10.566832527705447
56.87322151171519 49.47064965308074 47.28253205572848 5.817409583463997 5.010677970408542 4.282455303150428 8.464672108381494 7.191049853175753 6.781029301839194 23.718434401186894 20.557459158888346 19.44867222023937 21.241521926771533
59.96629260677009 49.771980156119106 46.84788806982086 4.655651347886453 4.725790137933073 4.743985085898774 8.16042531114399 3.17693802612116 3.1482769192314985 24.260789755266845 19.22490277339111 18.246716691650377 20.57746974010278
45.30605442047902 45.946571306466296 46.954972076197194 3.3372777606398576 3.4801937352812966 3.437230033342045 1.4752152381318921 1.564575910123504 1.4662903924989954 16.70618247308359 16.9971136506237 17.28616416734608 16.996486763684455
67.09309659716958 59.15136668483123 57.82537596000981 17.13714396194936 14.57445044480829 14.89017347281151 31.89091500228291 23.054423340304727 21.74264887935294 38.707051853800614 32.26008015664808 31.486066104058086 34.15106603816893
2.4860461609834896 8.05340742152752 8.24033590309503 0.0474183484519285 0.0576015138210475 0.03701739252720385 0.1473566702688716 0.15609739526889205 0.1359349139724604 0.89360705990143 2.7557021102058203 2.8044294031982315 2.1512461911018272
18.452889439825693 21.561740534754986 19.55289705987348 0.4962584076300467 0.5082833342316623 0.4411164886552419 3.2347860241491984 2.4106498065927746 2.0498379481182805 7.394644623868313 8.160224558526474 7.3479504988823345 7.634273227092373
0.1369490785501908 0.9249604697687706 1.267155155113286 0.00020701362149629446 0.00025678555838019667 0.0003851585569392734 0.0017946877243359657 0.016827808261283717 0.015394529645849963 0.0463169266320077 0.31401502119614483 0.42764494777202505 0.2626589652000592
25.031495877871063 22.982805581462333 22.600852544452934 3.8553841129664694 3.909975776358294 3.4765047124421793 0.4309264972686306 0.3766961804104353 0.35909586681066674 9.772602162702054 9.089825846077021 8.812151041235259 9.224859683338112
22.22829851166 24.118147616126763 23.784770624402793 1.8796592059395438 1.9733444642131397 2.0371073755484215 12.533140431300199 11.59707475473205 10.605148162549593 12.213699382966581 12.562855611690651 12.142342054166937 12.306299016274723
3.921632754922118 7.878692748705804 8.981568064264831 0.0 0.0 0.0 0.000379573625673626 0.00037342606238609846 0.0003985426192088528 1.307337442849264 2.6263553915893967 2.9939888689613467 2.309227234466669
0.8132107180721899 5.6132154632820095 5.200511215195197 0.38446580866124414 0.47593826773364034 0.6471986711058924 0.21367072740266774 0.2520992957798042 0.23142671027062228 0.47044908471203395 2.113751008931818 2.026378865523904 1.5368596530559184
2.701689368693457 5.139069988835483 4.941613113386616 0.0867121882340952 0.08813553811301515 0.0864499516682073 0.004777504777504778 0.01708855413940031 0.01714202569400568 0.9310596872350191 1.7480980270292994 1.6817350302496097 1.453630914837976
11.616685515398984 7.694371050191197 7.426094897606671 0.6206003584704545 0.4339392278165624 0.43655048533936663 2.443411080070914 1.3800759198136896 1.2731454881938422 4.893565651313451 3.169462065940483 3.045263623713293 3.7027637803224085
16.601877135925854 15.47248319336551 14.551305263307377 0.0017394150891130468 0.002155622854075316 0.00678805234986383 0.7484936651808491 2.7048452240592713 2.548996996430324 5.784036738731938 6.059828013426286 5.702363437362521 5.848742729840248
0.3519116016985963 0.45756687337692337 0.5957619569754926 1.7116842652528572 1.773365734611904 1.6727937237320547 0.23842379203614922 0.15426695186022987 0.1474359560838627 0.7673398863292009 0.7950665199496858 0.8053305455971366 0.7892456506253409
0.001416751671766973 0.001638648982109809 0.002120195828996569 0.0149812734082397 0.014716703458425313 0.020190895741556535 0.33974919671053627 0.22960464451801657 0.2064374519702763 0.11871574059684764 0.08198666565285057 0.0762495145136098 0.09231730692110267
0.011900117050331642 0.01403123474865788 0.016364769854189033 0.007017129563037714 0.005538796349078277 0.006955027996460305 0.01889168765743073 0.00626083606241572 0.006741140215716488 0.012602978090266692 0.008610289053383959 0.010020312688788608 0.010411193277479754
3.404341879857982 2.568766158103472 2.3193791726379263 0.03314331944022293 0.04038969237832874 0.044869495694690446 0.2952600273129023 0.07309611304127459 0.05773640899621903 1.2442484088703691 0.8940839878410252 0.8073283591096119 0.9818869186070022
0.004139781876320448 0.00605683603981142 0.00964430495619197 0.0 0.0 0.0001006036217303823 0.000267379679144385 0.0037304834710567463 0.0033614407064232825 0.001469053851821611 0.0032624398369560555 0.004368783094781879 0.003033425594519848
7.607936720824511 7.600795997946924 7.134337925067028 0.002563726926457662 0.0022965468286776066 0.0030263816997829355 0.0015306568704626954 0.0015931177314003505 0.0015931177314003505 2.537343701540477 2.534895220835667 2.3796524748327372 2.483963799069627
1.750755366717329 5.680485203588198 5.7457160501397055 0.020427452428996084 0.02451041910667889 0.021725269392968087 0.007314218841427736 0.05057458186369325 0.05228547688786348 0.5928323459959176 1.9185234015195232 1.9399089321401792 1.48375489321854
4.979533275707627 4.391112387991096 4.070158037509797 0.9812139448762108 0.7005368889602498 0.6864943580683223 0.0841578557419536 0.10054615430756732 0.10095325182462585 2.014968358775264 1.7307318104196376 1.6192018824675818 1.7883006838874944
0.039081844029949575 0.029234065188473764 0.03613510108323338 0.1666522521705041 0.20835430912726716 0.2659735881968542 2.9768847546440482 1.765726676453756 1.649541073396592 1.0608729502815006 0.6677716835898323 0.6505499208922265 0.7930648515878533
0.00016063177939123477 0.0003561895263517393 0.00046093183656195126 0.0 0.002073613271124935 0.0018548746104763319 0.01557632398753894 0.015923566878980895 0.015923566878980895 0.005245651922310059 0.006117789892152523 0.00607979110867306 0.0058144109743785465
0.0 0.0 0.0 0.0 0.0 0.0 0.0 0.0 0.0 0.0 0.0 0.0 0.0
0.0 0.0 9.714208000621709e-05 0.0 0.0 0.0 0.0 0.0 0.0 0.0 0.0 3.2380693335405695e-05 1.0793564445135232e-05
0.0019444444444444442 0.0028494004628821976 0.003959171406112729 0.0 0.0007066139061616733 0.00105977108944468 0.0006261740763932374 0.0003737293203109428 0.0003737293203109428 0.0008568728402792271 0.0013099145631182711 0.0017975572719561173 0.0013214482251178719
0.023647238837112252 0.33482988992463064 0.27999499310208237 0.003947108742845865 0.0027706734867860186 0.003409187761015938 0.0 0.0 0.0 0.009198115859986039 0.11253352113713888 0.09446806028769944 0.07206656576160812
0.0 0.0 0.0 0.0 0.0 0.0 0.0 0.0 0.0 0.0 0.0 0.0 0.0
