95.63612905366374 91.75843035639446 88.92832362022831 65.18459483084787 59.845156150553926 56.51371504386995 86.80686471563794 73.66929640273396 69.99593125604918 82.54252953338319 75.09096096989411 71.81265664004916 76.48204904777549
95.63612905366374 91.75843035639446 88.92832362022831 65.18459483084787 59.845156150553926 56.51371504386995 86.80686471563794 73.66929640273396 69.99593125604918 82.54252953338319 75.09096096989411 71.81265664004916 76.48204904777549
95.63612905366374 91.75843035639446 88.92832362022831 65.18459483084787 59.845156150553926 56.51371504386995 86.80686471563794 73.66929640273396 69.99593125604918 82.54252953338319 75.09096096989411 71.81265664004916 76.48204904777549
95.63612905366374 91.75843035639446 88.92832362022831 65.18459483084787 59.845156150553926 56.51371504386995 86.80686471563794 73.66929640273396 69.99593125604918 82.54252953338319 75.09096096989411 71.81265664004916 76.48204904777549
95.63612905366374 91.75843035639446 88.92832362022831 65.18459483084787 59.845156150553926 56.51371504386995 86.80686471563794 73.66929640273396 69.99593125604918 82.54252953338319 75.09096096989411 71.81265664004916 76.48204904777549
95.63612905366374 91.75843035639446 88.92832362022831 65.18459483084787 59.845156150553926 56.51371504386995 86.80686471563794 73.66929640273396 69.99593125604918 82.54252953338319 75.09096096989411 71.81265664004916 76.48204904777549
95.63612905366374 91.75843035639446 88.92832362022831 65.18459483084787 59.845156150553926 56.51371504386995 86.80686471563794 73.66929640273396 69.99593125604918 82.54252953338319 75.09096096989411 71.81265664004916 76.48204904777549
95.63612905366374 91.75843035639446 88.92832362022831 65.18459483084787 59.845156150553926 56.51371504386995 86.80686471563794 73.66929640273396 69.99593125604918 82.54252953338319 75.09096096989411 71.81265664004916 76.48204904777549
95.63612905366374 91.75843035639446 88.92832362022831 65.18459483084787 59.845156150553926 56.51371504386995 86.80686471563794 73.66929640273396 69.99593125604918 82.54252953338319 75.09096096989411 71.81265664004916 76.48204904777549
95.63612905366374 91.75843035639446 88.92832362022831 65.18459483084787 59.845156150553926 56.51371504386995 86.80686471563794 73.66929640273396 69.99593125604918 82.54252953338319 75.09096096989411 71.81265664004916 76.48204904777549
92.8285418766145 88.8406455758095 87.59129506754452 58.52627398087322 54.02593355393481 51.66156364126113 82.07076134340481 71.57338929903597 67.64308406688657 77.80852573363084 71.47998947626009 68.96531425856408 72.75127648948501
95.40734975500008 90.40310977662458 87.93978458626235 60.909264224077006 56.07832803735252 52.704178441088935 82.94099635955433 67.86617504976891 64.05431900633715 79.7525367795438 71.44920428791534 68.23276067789614 73.14483391511845
94.8356270089086 89.60069848566205 87.1767582663581 65.7838259775378 61.346311283765644 57.71004948750556 87.59689965477769 72.91737187768229 69.06939213002191 82.73878421374137 74.62146054903666 71.31873329462853 76.22632601913553
95.1617497506898 90.21885935836093 88.11338828049422 58.8826700022256 54.926306177738184 52.19809477832425 85.2609018531271 70.71696431969488 67.26388630019208 79.7684405353475 71.95404328526466 69.19178978633686 73.63809120231633
94.84415937175454 89.49588781026108 87.5561250585987 59.11300595752914 54.81817192297349 52.03479591866228 83.19412297440306 69.25676307664264 65.97668527123945 79.05042943456225 71.19027426995906 68.5225354161668 72.92107970689605
95.33093669596822 91.32741409363715 88.47307255015802 63.04557452135832 58.16867492193513 54.57679094329059 84.33006024267414 70.31066172005804 66.49995764766882 80.9021904866669 73.26891691187677 69.84994038037247 74.67368259297204
95.11440875954695 90.07170948262676 87.96563631535554 60.28928469581676 55.1787058969763 51.73373005344715 82.54438853064819 69.40816496613347 65.95689671526783 79.31602732867064 71.55286011524551 68.55208769469017 73.14032504620211
94.84190312066258 88.53241770983358 87.08157485935848 59.9239367078392 55.109865616655284 51.93670015273788 86.14688090718869 71.9111531266012 68.7147301438994 80.30424024523016 71.85114548436336 69.24433505199859 73.79990692719736
95.12932887259689 90.26996237783699 87.76505109275583 60.21898489324944 55.068478506512875 51.864257302999796 82.71824242972122 67.52442369588785 64.63462953449952 79.35551873185585 70.95428819341258 68.08797931008506 72.79926207845115
95.24986054314229 89.22697757400323 87.84770273438275 57.53412145954905 54.08628090814107 51.424980509309904 85.73474488958617 71.42738712351806 67.85876454354917 79.50624229742584 71.58021520188746 69.04381592908061 73.37675780946464
93.23105665180378 86.59505294134478 84.12986120768909 47.81390210795139 45.50706026111237 43.182977580160966 76.62427468666851 61.81441208756533 57.95860289241609 72.5564111488079 64.63884176334082 61.757147226755386 66.31746671296804
94.4503641096637 87.83948253985973 85.0897013698291 53.22424195553626 47.410902066320126 43.53587173399694 72.68096545216582 61.901545409165 58.410095701196575 73.45185717245526 65.71731000511495 62.34522293500754 67.17146337085926
95.27537667023806 88.19298083798736 85.29165108097796 50.27498804315671 46.99595398749001 44.60718379366056 84.59548388944789 67.6447550697866 63.962084499519236 76.71528286761422 67.61122996508799 64.62030645805258 69.64893976358492
93.72617660939515 86.38805845468373 84.00750030307907 52.62630085840308 47.569398409388484 43.59517691234274 75.0072288090033 62.55236967392099 59.155690257111935 73.78656875893384 65.5032755126644 62.252789157511245 67.18087780970316
93.33294729080981 85.6386033952538 81.61868741593948 30.159611908711693 28.27306676894236 26.940401263864366 78.68121261520666 62.950673564163736 59.6500591134414 67.39125727157607 58.95411457611996 56.06971593108174 60.805029259592594
91.19116924501273 84.7070514486818 82.06792637365999 51.28211465769134 46.16281282313216 43.82464815254884 80.04278053899746 64.91581352165812 61.376190758865704 74.17202148056718 65.26189259782403 62.422921761691505 67.28561194669425
89.75793847678236 84.6723168461675 81.88685478341009 44.54297526135591 40.545795517737474 38.37376962324878 76.47419132231781 59.82979749261966 56.4997132546588 70.25836835348535 61.68263661884155 58.92011255377256 63.620372508699816
91.28549136790105 83.77413543155706 81.00439023837114 42.63756801430375 38.78035571654776 36.5938418485621 72.9198133087132 57.93581660118991 55.01176978457389 68.947624230306 60.16343591643158 57.53666729050238 62.21590914574665
95.50024640616253 88.81622260191232 85.7268977352813 58.728498204264746 54.532045316143794 51.451859291190516 82.71127629354123 66.623923850109 63.12595997028521 78.9800069679895 69.99073058938836 66.76823899891902 71.9129921854323
94.24018290084909 87.44545874110973 84.65965681523606 52.770695125205215 48.90925712298254 46.25659488981512 80.42589965777644 63.84278556436781 60.232909778786656 75.81225922794358 66.73250047615336 63.71638716127928 68.75371562179208
89.08936493082273 81.29009573377284 79.89696134580171 43.93058581099251 37.535241304849514 35.14077890943173 78.05666070601457 65.67486102379746 61.816010495852055 70.35887048260993 61.50006602080661 58.95125025036183 63.60339558459279
75.8964091044595 57.577225937150715 54.147473367803926 32.95108922980634 29.174087083692967 28.18772845237674 41.68250720649399 28.619775832916172 27.221628006686405 50.176668513586606 38.45702961791995 36.518943275622355 41.71754713570964
76.08330437736896 70.78232563158736 69.18082477632925 28.959608855890988 25.89723550781994 24.287778080161953 75.25752829488538 59.5068956264224 55.74431010724192 60.10014717604844 52.062152255276565 49.7376376545777 53.966645695300905
83.01112772249348 74.47641477947782 70.24900193341267 22.95864149401982 19.780410240672325 19.295326732936342 55.242158448477596 50.07208826062447 47.165156071332895 53.73730922166363 48.1096377602582 45.56982824589397 49.1389250759386
90.57306409447635 82.39589401717117 80.34256373735013 32.69450963820037 25.741251850311187 23.55243094118982 65.010671881337 56.45879217019745 53.10268117379129 62.759415204671235 54.865312679226605 52.332558617443745 56.652428833780526
91.91313186209547 81.50039550752346 78.16563411564435 42.28093263485029 38.07970594657527 35.94445553092219 82.35710611689623 65.2428217058106 61.80902190109333 72.18372353794733 61.607641053303105 58.639703849219956 64.14368948015678
31.298713042725453 40.184167844085714 43.96623995598934 4.955267491101055 5.510544865011094 7.123422194168424 54.36843830810001 42.01650428730688 39.21138402893954 30.20747294730884 29.237072332134563 30.10034872636577 29.84829800193639
38.787547895473644 45.73235343244267 48.2195137088078 1.5346644524091337 2.2344314568255546 2.804623711002908 14.970900143002265 19.595844476687788 18.29458226913328 18.43103749696168 22.52087645531867 23.106239896314662 21.352717949531673
55.502557136826184 51.532270635601726 48.85105486779822 52.809770277233746 49.095162166669326 46.43972423251963 54.58125013291807 38.861190458350606 37.10168370224466 54.297859182326 46.496207753540546 44.130820934187504 48.30829595668469
58.45545412547914 55.00269660050818 56.37705274234699 4.240123529427404 3.94737320903755 4.179273780698719 12.234282687503642 16.247063588077754 15.356287712410788 24.976620114136725 25.065711132541164 25.304204745152166 25.115511997276684
66.73213608951303 52.45329515298225 49.63440179848459 31.117823409181934 27.953604103806747 25.06692560974697 63.05421566610302 40.691217786488146 38.3501096767329 53.634725054932666 40.366039014425716 37.68381236165482 43.89485881033774
29.742616032334173 25.678336244376336 25.794130767416778 6.050082668960196 5.270622614233927 5.2806697192100085 28.313193414607312 19.89947496413743 18.073098779725978 21.36863070530056 16.949477940915898 16.382633088784257 18.23358057833357
75.99155613949615 68.28038520923567 66.07829477187485 8.114491666140559 9.112192341640228 9.860855418248393 33.78032099852003 27.59225033945717 26.33055502592643 39.29545626805225 34.99494263011102 34.089901738683224 36.12676687894883
52.42132113975544 50.4991283808083 52.021079373262545 5.017664772732303 3.889889378658003 4.4235538695654295 20.784816346021785 14.283852207381878 13.484646148980453 26.074600752836506 22.890956655616062 23.309759797269475 24.091772401907352
42.71550756127069 42.48578281507318 43.777105528855316 26.819894977976087 23.756238461881054 22.76300316393915 31.176237127987783 21.292453762000484 20.290749909134767 33.57054655574485 29.17815834631824 28.943619533976413 30.564108145346502
9.525054589592369 17.047236886614716 18.052722852637267 1.1662492919265384 1.5040061838502403 1.6126410874159705 7.397123477409949 7.919553257081513 7.306713602875586 6.029475786309618 8.823598775848824 8.990692514309607 7.947922358822682
40.08778253352937 35.13554798927592 34.40005076344911 15.77208123127165 15.392497537520114 15.063655912313678 51.52647164878358 34.72838372114851 33.321218978849565 35.79544513786153 28.418809749314846 27.594975218204116 30.603076701793498
56.099382196296396 54.948347177078425 57.091883700630255 14.008922796356776 11.146986531865293 10.367547646183512 42.39167094362699 33.48755027744757 31.335003812531813 37.49999197876006 33.194294662130424 32.931478386448525 34.54192167577967
18.739979124765473 23.65153558326256 26.301640736461223 28.383191513335802 26.17895581347825 24.273780831506247 29.58917347939073 30.91775653744716 29.038236616744374 25.570781372497333 26.916082644729325 26.537886061570614 26.34158335959909
35.30395963960385 36.31556697327937 37.469312016454545 22.786824702003454 22.787809708634594 23.10691937045008 37.93655300778583 28.09491313886322 26.38121402633116 32.00911244979771 29.066096606925726 28.985815137745263 30.020341398156233
11.537863066122584 12.286350817133503 12.068902017406025 4.724355229400387 4.991344547732756 5.9247040440630245 12.561682015193949 10.660594577293407 10.11285171720386 9.607966770238972 9.312763314053221 9.368819259557636 9.429849781283277
27.711184489704515 27.54485444999804 30.055668372615578 9.468574393416802 6.328123750428394 5.866471567164612 15.52852448115667 17.022931666192648 16.045485944507398 17.569427788092664 16.965303288873027 17.322541961429195 17.28575767946496
5.11834102032807 8.022345785741335 8.151214421446143 0.5459049380764018 0.7086520898567003 0.7313977126582291 9.601025942253537 4.986426501227703 4.656883276996221 5.088423966886003 4.572474792275246 4.513165137033531 4.724687965398259
42.54393608309206 39.92313219343199 36.23103130682309 21.623683076513174 18.400092375698172 16.991352942657183 4.005563645358365 9.252822261959864 8.460391561549956 22.724394268321202 22.525348943696674 20.560925270343407 21.93688949412043
41.44272646678903 31.843304725478365 32.546920887393895 5.161409274650965 3.6588525992398826 3.7682111504486278 1.565235944910007 2.374004299243584 2.206675921746866 16.056457228783334 12.625387207987279 12.840602653196463 13.840815696655689
18.51666564575721 19.955044169574016 19.287935263608404 6.4024580561112305 6.704408358667596 7.28364130779249 12.553298840260721 8.87782765589695 8.20803551544959 12.490807514043055 11.845760061379522 11.593204028950161 11.976590534790914
47.722345252784685 42.093037360706845 39.85513478150061 0.5677956984297213 0.677682210208213 0.6815584598328157 10.436572053322154 9.049013567683152 8.606276831697219 19.575571001512184 17.273244379532738 16.380990024343546 17.743268468462823
6.597813377598902 7.536958676402486 8.849106782387851 2.45715324058619 2.7480037636978594 2.9527172297675643 11.79922353397441 5.665350209501886 5.476364249334327 6.9513967173865 5.316770883200744 5.759396087163247 6.00918789591683
11.787554496474877 15.957868857233679 19.34811999418565 7.145687935373847 7.655601793418633 7.8803016953493525 1.8420742076053744 1.8454765012522336 1.868700762643334 6.9251055464847004 8.486315717301514 9.69904081739278 8.370154027059662
47.60613658451973 44.89125782976967 43.65357684073941 25.07657135061726 21.814399946872545 22.28239293659462 10.723836402923867 9.302161783241878 8.977940690108008 27.802181446020285 25.3359398532947 24.97130348914735 26.036474929487444
1.9103065142260283 4.9475401694509 5.332659128355194 0.1031046310609205 0.1256356426460483 0.12645087531480903 0.14883340166438286 0.20559903508063465 0.2042700117998157 0.7207481823171106 1.7595916157258609 1.8877933384899395 1.4560443788443036
2.6637578923393663 5.205560813192047 5.142653294085266 0.288584712244589 0.36788069485091723 0.468638934497853 2.917544989157452 4.128508902260639 3.5725396419018054 1.9566291979138022 3.233983470101201 3.061277290161641 2.7506299860588816
0.11562368750608924 0.7136670542920377 0.9898056044805027 0.002413368396524749 0.006166410692815318 0.007802408542562884 0.0011904761904761906 0.01403174650169874 0.011181389068648014 0.03974251069769672 0.2446217371621839 0.33626313403057123 0.20687579396348396
19.06542533666828 19.508238898286674 21.12955060994052 2.149659083951607 2.4237084944930407 2.3660791563218266 0.9435255631826341 1.095399687776801 1.0913343217188818 7.386203327934175 7.675782360185505 8.195654695993744 7.7525467947044735
12.97742438571617 15.02249627336166 16.243401951238084 2.209471574097888 2.4499958952604444 2.655507060436103 2.500979162035849 4.172488118725536 4.0788325561456285 5.895958373949969 7.2149934291158795 7.659247189273272 6.92339966411304
2.3970763775004893 5.639520560108008 6.82514871473523 0.0019232413026754424 0.0048098447011909054 0.0055251722377240315 0.01149973165674153 0.011705543455833866 0.011661100925853776 0.8034997834866354 1.8853453160883442 2.2807783292996024 1.6565411429581942
0.0035387980954832065 0.024098622071819984 0.04027809991639255 0.11303045218376208 0.18883660907214883 0.24510054982143484 0.08141613724184701 0.0986674845425148 0.10342096586625833 0.06599512917369743 0.10386757189549455 0.12959987186802857 0.09982085764574018
3.0645449241574565 7.147283861740157 7.368678566805428 0.05165703349509768 0.06199781686999327 0.06134249177329504 0.03925487769737872 0.057531788646972316 0.04291732449509357 1.0518189451166444 2.4222711557523744 2.490979461024606 1.9883565206312082
13.188953438172641 8.012867434751522 8.459862312843294 0.4739343454503872 0.3739327451973117 0.36629835971468117 3.9870701711129106 2.7729781845070973 2.593204564197716 5.883319318245313 3.7199261214853103 3.806455078918564 4.4699001728830625
6.225187952586768 9.461756691344618 9.194013186572333 8.565412894053472 7.672777461160144 7.354644370195724 0.5607219343045526 1.3803844314901363 1.1336616109718394 5.117107593648264 6.171639527998299 5.894106389246631 5.727617836964399
1.8411132679709767 2.2828133856329 2.7715788626905784 5.837649747056638 6.3475780059855405 6.6981296196445275 3.445991402608893 2.3165082406366007 2.113595484959124 3.7082514725455025 3.6489665440850136 3.8611013224314097 3.7394397796873093
0.003491620111731844 0.006887520832624741 0.008836324089178902 0.023749208359721344 0.03105590062111801 0.032588454376163874 0.270991023707111 0.20950363189124235 0.16831330077957074 0.09941061739285473 0.08248235111499504 0.06991269308163783 0.0839352205298292
0.010442955356365852 0.013861067391615394 0.01575277000955786 0.0006977003795490065 0.001339676647802277 0.001633559853633037 0.0 0.0018006338231057331 0.0021604493734696814 0.003713551911971619 0.005667125954174468 0.006515593078886859 0.005298756981677649
0.5566466222449507 0.5535862443370813 0.6988315610904209 0.2704315850616199 0.24249322451033556 0.26825286683486016 0.30182337627381167 0.19483262194404705 0.176636695037261 0.3763005278601274 0.3303040302638213 0.3812403743208474 0.3626149774815987
0.0072277545775779 0.010509863102296001 0.05022013446963074 0.0010300782859497322 0.0015623564010660783 0.0021734768942687083 0.0015385621599667582 0.013684925432551247 0.013218019742659666 0.0032654650078314637 0.008585714978637776 0.02187054370218637 0.011240574562885203
3.0637666748742456 3.5308445928238195 3.4339688422196994 0.056540237135847035 0.0539147497977843 0.06721434728329818 0.006432613142395724 0.0018291871757350007 0.0019471488178025033 1.0422465083841628 1.1955295099324463 1.1677101127736 1.1351620436967365
1.3858078630362856 3.344025506065866 3.6201507073270314 0.026071905796889082 0.0679921367031061 0.06031864116292875 0.03609119760195203 2.2556896825415165 2.0562532748909823 0.4826569888117089 1.889235775103496 1.9122408744603139 1.4280445461251732
6.801981453983215 5.431949453287298 5.259508639230775 2.260867075592092 1.6006690307783253 1.628836122490639 0.08344798440389249 0.1408502394193376 0.13996401259953062 3.0487655046597335 2.3911562411616534 2.3427695914403146 2.5942304457539005
0.05042374454084649 0.05155286561694552 0.08263104791590863 0.04537563520223448 0.0475039416523548 0.05691068953733589 1.1701271118657444 0.6239077092671154 0.6229610202435681 0.42197549720294175 0.24098817217880522 0.25416758589893756 0.3057104184268949
0.0006875888745194193 0.01045333703043829 0.010037048204284204 0.008223684210526315 0.005517192283049761 0.00622731478186606 0.015090543259557344 0.015384615384615385 0.015384615384615385 0.008000605448201026 0.010451714899367812 0.010549659456921883 0.009667326601496906
0.0 0.0 0.0 0.0 0.0 0.0 0.0 0.0 0.0 0.0 0.0 0.0 0.0
0.0004641663572224285 0.0005601927062909641 0.0006535337503501073 0.0 0.0 0.0 0.0 0.0 0.0 0.00015472211907414284 0.00018673090209698803 0.00021784458345003579 0.00018643253487372224
0.013212366775301684 0.022001559741241017 0.03238495739770049 0.0022104332449160036 0.00453087968771783 0.007310959476396046 0.002862288587795475 0.006951080476631502 0.006361115915850735 0.006095029536004388 0.011161173301863449 0.015352344263315757 0.010869515700394529
0.0056785917092561046 0.014266648258088271 0.018117562852285947 0.014458662562218198 0.02123332423192132 0.0240849904856469 3.2734295721627547e-05 5.26284255032492e-05 6.072490968181766e-05 0.006723329522398643 0.011850866971837614 0.014087759415871558 0.010887318636702604
